./AFLW2000/image00002.jpg	150 111 221 221 
./AFLW2000/image00004.jpg	196 149 132 132 
./AFLW2000/image00006.jpg	201 152 136 136 
./AFLW2000/image00008.jpg	166 123 200 200 
./AFLW2000/image00010.jpg	197 130 143 143 
./AFLW2000/image00013.jpg	161 119 206 206 
./AFLW2000/image00014.jpg	159 116 209 209 
./AFLW2000/image00019.jpg	171 131 184 184 
./AFLW2000/image00020.jpg	168 121 194 194 
./AFLW2000/image00021.jpg	158 122 213 213 
./AFLW2000/image00022.jpg	185 137 147 147 
./AFLW2000/image00023.jpg	169 126 190 190 
./AFLW2000/image00026.jpg	168 132 190 190 
./AFLW2000/image00028.jpg	151 112 223 223 
./AFLW2000/image00035.jpg	165 136 197 197 
./AFLW2000/image00036.jpg	176 102 194 194 
./AFLW2000/image00039.jpg	181 195 151 151 
./AFLW2000/image00040.jpg	148 116 222 222 
./AFLW2000/image00041.jpg	164 125 197 197 
./AFLW2000/image00042.jpg	154 119 219 219 
./AFLW2000/image00043.jpg	155 116 222 222 
./AFLW2000/image00044.jpg	153 121 214 214 
./AFLW2000/image00045.jpg	160 118 211 211 
./AFLW2000/image00046.jpg	170 134 185 185 
./AFLW2000/image00047.jpg	154 120 215 215 
./AFLW2000/image00048.jpg	154 120 211 211 
./AFLW2000/image00049.jpg	146 118 223 223 
./AFLW2000/image00050.jpg	151 119 214 214 
./AFLW2000/image00051.jpg	157 123 205 205 
./AFLW2000/image00052.jpg	153 120 213 213 
./AFLW2000/image00053.jpg	154 123 211 211 
./AFLW2000/image00054.jpg	147 116 225 225 
./AFLW2000/image00055.jpg	148 122 220 220 
./AFLW2000/image00056.jpg	155 127 201 201 
./AFLW2000/image00057.jpg	154 121 213 213 
./AFLW2000/image00058.jpg	154 114 222 222 
./AFLW2000/image00059.jpg	152 120 212 212 
./AFLW2000/image00060.jpg	146 112 225 225 
./AFLW2000/image00061.jpg	154 125 205 205 
./AFLW2000/image00062.jpg	157 129 200 200 
./AFLW2000/image00063.jpg	148 111 232 232 
./AFLW2000/image00064.jpg	155 129 205 205 
./AFLW2000/image00065.jpg	146 115 224 224 
./AFLW2000/image00066.jpg	150 126 207 207 
./AFLW2000/image00067.jpg	171 142 176 176 
./AFLW2000/image00070.jpg	157 132 196 196 
./AFLW2000/image00072.jpg	152 111 211 211 
./AFLW2000/image00074.jpg
./AFLW2000/image00075.jpg	178 141 172 172 
./AFLW2000/image00076.jpg	169 141 187 187 
./AFLW2000/image00077.jpg	197 141 139 139 
./AFLW2000/image00078.jpg	188 148 144 144 
./AFLW2000/image00079.jpg	146 116 232 232 
./AFLW2000/image00080.jpg	153 124 198 198 
./AFLW2000/image00081.jpg	169 116 201 201 
./AFLW2000/image00082.jpg	169 134 186 186 
./AFLW2000/image00083.jpg	165 126 195 195 
./AFLW2000/image00084.jpg	167 129 197 197 
./AFLW2000/image00087.jpg	162 129 204 204 
./AFLW2000/image00090.jpg	162 118 217 217 
./AFLW2000/image00092.jpg	140 113 234 234 
./AFLW2000/image00093.jpg	163 123 206 206 
./AFLW2000/image00095.jpg	166 125 193 193 
./AFLW2000/image00097.jpg	149 119 223 223 
./AFLW2000/image00098.jpg	162 127 195 195 
./AFLW2000/image00099.jpg	173 118 186 186 
./AFLW2000/image00100.jpg	154 110 221 221 
./AFLW2000/image00101.jpg	172 139 183 183 
./AFLW2000/image00102.jpg	152 109 235 235 
./AFLW2000/image00104.jpg	149 133 213 213 
./AFLW2000/image00107.jpg	199 146 138 138 
./AFLW2000/image00108.jpg	203 142 154 154 
./AFLW2000/image00109.jpg	151 109 230 230 
./AFLW2000/image00112.jpg	201 179 117 117 
./AFLW2000/image00114.jpg	166 134 195 195 
./AFLW2000/image00118.jpg	194 135 139 139 
./AFLW2000/image00120.jpg	186 176 128 128 
./AFLW2000/image00122.jpg	167 131 198 198 
./AFLW2000/image00124.jpg	152 114 222 222 
./AFLW2000/image00126.jpg	167 135 184 184 
./AFLW2000/image00127.jpg	170 132 204 204 
./AFLW2000/image00131.jpg	151 143 181 181 
./AFLW2000/image00133.jpg	155 112 217 217 
./AFLW2000/image00134.jpg	185 140 158 158 
./AFLW2000/image00135.jpg	151 121 222 222 
./AFLW2000/image00136.jpg	166 122 194 194 
./AFLW2000/image00137.jpg	192 167 130 130 
./AFLW2000/image00138.jpg	186 148 176 176 
./AFLW2000/image00140.jpg	150 112 237 237 
./AFLW2000/image00143.jpg	194 171 135 135 
./AFLW2000/image00144.jpg	158 111 215 215 
./AFLW2000/image00148.jpg	157 124 212 212 
./AFLW2000/image00151.jpg	161 121 195 195 
./AFLW2000/image00152.jpg	159 114 215 215 
./AFLW2000/image00158.jpg	194 157 164 164 
./AFLW2000/image00159.jpg	162 118 210 210 
./AFLW2000/image00160.jpg	180 126 171 171 
./AFLW2000/image00161.jpg	152 110 230 230 
./AFLW2000/image00164.jpg	192 145 138 138 
./AFLW2000/image00165.jpg	163 132 202 202 
./AFLW2000/image00167.jpg	192 180 147 147 
./AFLW2000/image00168.jpg	175 142 178 178 
./AFLW2000/image00170.jpg	207 146 128 128 
./AFLW2000/image00174.jpg	135 97 257 257 
./AFLW2000/image00175.jpg	130 105 255 255 
./AFLW2000/image00176.jpg	192 149 152 152 
./AFLW2000/image00180.jpg	192 166 144 144 
./AFLW2000/image00181.jpg	199 147 133 133 
./AFLW2000/image00182.jpg	186 165 148 148 
./AFLW2000/image00183.jpg	153 116 219 219 
./AFLW2000/image00186.jpg	133 88 280 280 
./AFLW2000/image00187.jpg	157 125 197 197 
./AFLW2000/image00190.jpg	149 119 218 218 
./AFLW2000/image00197.jpg	149 104 229 229 
./AFLW2000/image00198.jpg	192 150 138 138 
./AFLW2000/image00199.jpg	181 143 173 173 
./AFLW2000/image00202.jpg	144 111 236 236 
./AFLW2000/image00203.jpg	163 121 206 206 
./AFLW2000/image00204.jpg	165 115 209 209 
./AFLW2000/image00207.jpg	159 124 206 206 
./AFLW2000/image00208.jpg	157 113 216 216 
./AFLW2000/image00209.jpg	159 123 217 217 
./AFLW2000/image00210.jpg	187 146 162 162 
./AFLW2000/image00211.jpg	181 132 174 174 
./AFLW2000/image00213.jpg	166 131 186 186 
./AFLW2000/image00214.jpg	166 123 200 200 
./AFLW2000/image00215.jpg	147 108 232 232 
./AFLW2000/image00216.jpg	203 152 135 135 
./AFLW2000/image00217.jpg	160 124 206 206 
./AFLW2000/image00218.jpg	173 131 189 189 
./AFLW2000/image00219.jpg	135 101 252 252 
./AFLW2000/image00222.jpg	165 111 205 205 
./AFLW2000/image00224.jpg	159 135 201 201 
./AFLW2000/image00227.jpg	199 143 141 141 
./AFLW2000/image00228.jpg	195 146 143 143 
./AFLW2000/image00229.jpg	152 112 220 220 
./AFLW2000/image00231.jpg	167 114 207 207 
./AFLW2000/image00233.jpg	170 133 185 185 
./AFLW2000/image00234.jpg	151 108 231 231 
./AFLW2000/image00235.jpg	188 160 153 153 
./AFLW2000/image00237.jpg	150 116 216 216 
./AFLW2000/image00239.jpg	160 128 198 198 
./AFLW2000/image00246.jpg	166 135 204 204 
./AFLW2000/image00251.jpg	204 167 136 136 
./AFLW2000/image00254.jpg	162 120 219 219 
./AFLW2000/image00255.jpg	144 116 221 221 
./AFLW2000/image00256.jpg	195 155 147 147 
./AFLW2000/image00259.jpg	195 147 144 144 
./AFLW2000/image00261.jpg	166 123 199 199 
./AFLW2000/image00262.jpg	153 121 215 215 
./AFLW2000/image00263.jpg	160 126 213 213 
./AFLW2000/image00264.jpg	169 151 187 187 
./AFLW2000/image00268.jpg	140 98 245 245 
./AFLW2000/image00269.jpg	151 117 223 223 
./AFLW2000/image00270.jpg	172 130 183 183
./AFLW2000/image00271.jpg	201 172 133 133 
./AFLW2000/image00274.jpg	169 135 188 188 
./AFLW2000/image00276.jpg	184 140 161 161 
./AFLW2000/image00278.jpg	163 136 195 195 
./AFLW2000/image00279.jpg	157 113 220 220 
./AFLW2000/image00280.jpg	146 80 205 205 
./AFLW2000/image00282.jpg	156 123 213 213 
./AFLW2000/image00283.jpg	170 138 182 182 
./AFLW2000/image00287.jpg	170 140 182 182 
./AFLW2000/image00288.jpg	187 153 151 151 
./AFLW2000/image00289.jpg	163 133 196 196 
./AFLW2000/image00291.jpg	143 107 238 238 
./AFLW2000/image00292.jpg	146 116 224 224 
./AFLW2000/image00294.jpg	141 106 240 240 
./AFLW2000/image00296.jpg	149 120 221 221 
./AFLW2000/image00298.jpg	187 124 154 154 
./AFLW2000/image00299.jpg	164 129 196 196 
./AFLW2000/image00302.jpg	158 123 208 208 
./AFLW2000/image00303.jpg	135 117 219 219 
./AFLW2000/image00304.jpg	181 153 158 158 
./AFLW2000/image00306.jpg	169 129 201 201 
./AFLW2000/image00310.jpg	166 93 222 222 
./AFLW2000/image00311.jpg	148 108 232 232 
./AFLW2000/image00312.jpg	197 172 141 141 
./AFLW2000/image00315.jpg	168 139 179 179 
./AFLW2000/image00316.jpg	149 119 220 220 
./AFLW2000/image00318.jpg	188 137 153 153 
./AFLW2000/image00320.jpg	178 147 159 159 
./AFLW2000/image00321.jpg	142 107 240 240 
./AFLW2000/image00322.jpg	150 114 224 224 
./AFLW2000/image00323.jpg	144 114 225 225 
./AFLW2000/image00324.jpg	187 149 152 152 
./AFLW2000/image00325.jpg	167 130 194 194 
./AFLW2000/image00327.jpg	180 147 165 165 
./AFLW2000/image00328.jpg	147 109 239 239 
./AFLW2000/image00329.jpg	135 100 226 226 
./AFLW2000/image00330.jpg	171 146 178 178 
./AFLW2000/image00331.jpg	150 118 211 211 
./AFLW2000/image00332.jpg	142 114 226 226 
./AFLW2000/image00333.jpg	141 109 234 234 
./AFLW2000/image00334.jpg	183 143 159 159 
./AFLW2000/image00336.jpg	190 173 133 133 
./AFLW2000/image00337.jpg	165 129 193 193 
./AFLW2000/image00338.jpg	187 145 140 140 
./AFLW2000/image00343.jpg	154 111 234 234 
./AFLW2000/image00345.jpg	176 131 185 185 
./AFLW2000/image00347.jpg	151 118 222 222 
./AFLW2000/image00348.jpg	187 166 145 145 
./AFLW2000/image00349.jpg	165 118 210 210 
./AFLW2000/image00350.jpg	161 126 200 200 
./AFLW2000/image00351.jpg	161 124 197 197 
./AFLW2000/image00354.jpg	187 132 168 168 
./AFLW2000/image00355.jpg	153 117 221 221 
./AFLW2000/image00357.jpg	155 121 215 215 
./AFLW2000/image00359.jpg	165 128 200 200 
./AFLW2000/image00360.jpg	158 113 225 225 
./AFLW2000/image00362.jpg	146 113 231 231 
./AFLW2000/image00363.jpg	172 133 189 189 
./AFLW2000/image00367.jpg	159 122 212 212 
./AFLW2000/image00368.jpg	174 138 183 183 
./AFLW2000/image00370.jpg	145 111 234 234 
./AFLW2000/image00371.jpg	155 115 215 215 
./AFLW2000/image00374.jpg	149 120 207 207 
./AFLW2000/image00375.jpg	167 115 208 208 
./AFLW2000/image00376.jpg	160 124 204 204 
./AFLW2000/image00377.jpg	140 129 218 218 
./AFLW2000/image00379.jpg	152 112 227 227 
./AFLW2000/image00385.jpg	206 169 137 137 
./AFLW2000/image00387.jpg	141 110 236 236 
./AFLW2000/image00389.jpg	160 119 215 215 
./AFLW2000/image00391.jpg	148 114 233 233 
./AFLW2000/image00393.jpg	170 133 184 184 
./AFLW2000/image00395.jpg	197 153 137 137 
./AFLW2000/image00397.jpg	172 136 182 182 
./AFLW2000/image00399.jpg	158 116 211 211 
./AFLW2000/image00401.jpg	155 125 206 206 
./AFLW2000/image00404.jpg	164 122 210 210 
./AFLW2000/image00405.jpg	149 114 228 228 
./AFLW2000/image00408.jpg	178 132 169 169 
./AFLW2000/image00410.jpg	146 109 235 235 
./AFLW2000/image00412.jpg	144 110 238 238 
./AFLW2000/image00416.jpg	148 111 235 235 
./AFLW2000/image00419.jpg	154 110 228 228 
./AFLW2000/image00420.jpg	186 157 150 150 
./AFLW2000/image00421.jpg	202 150 120 120 
./AFLW2000/image00424.jpg	189 162 138 138 
./AFLW2000/image00426.jpg	170 139 181 181 
./AFLW2000/image00427.jpg	156 122 202 202 
./AFLW2000/image00428.jpg	194 142 140 140 
./AFLW2000/image00429.jpg	195 156 137 137 
./AFLW2000/image00430.jpg	147 125 191 191 
./AFLW2000/image00431.jpg	165 138 208 208 
./AFLW2000/image00433.jpg	209 178 126 126 
./AFLW2000/image00434.jpg	168 125 193 193 
./AFLW2000/image00435.jpg	148 119 228 228 
./AFLW2000/image00436.jpg	168 133 189 189 
./AFLW2000/image00437.jpg	185 120 171 171 
./AFLW2000/image00439.jpg	185 146 172 172 
./AFLW2000/image00440.jpg	161 115 219 219 
./AFLW2000/image00441.jpg	147 110 228 228 
./AFLW2000/image00442.jpg	164 131 202 202 
./AFLW2000/image00444.jpg	146 107 234 234 
./AFLW2000/image00445.jpg	153 117 222 222 
./AFLW2000/image00447.jpg	169 132 191 191 
./AFLW2000/image00448.jpg	156 117 221 221 
./AFLW2000/image00449.jpg	161 118 226 226 
./AFLW2000/image00451.jpg	197 137 144 144 
./AFLW2000/image00454.jpg	183 154 159 159 
./AFLW2000/image00457.jpg	152 120 223 223 
./AFLW2000/image00459.jpg	141 110 237 237 
./AFLW2000/image00460.jpg	198 174 129 129 
./AFLW2000/image00466.jpg	158 114 213 213 
./AFLW2000/image00468.jpg	203 165 112 112 
./AFLW2000/image00469.jpg	194 169 143 143 
./AFLW2000/image00470.jpg	182 134 180 180 
./AFLW2000/image00472.jpg	199 153 168 168 
./AFLW2000/image00473.jpg	194 175 140 140 
./AFLW2000/image00475.jpg	192 146 141 141
./AFLW2000/image00476.jpg	216 183 109 109 
./AFLW2000/image00477.jpg	215 148 143 143 
./AFLW2000/image00480.jpg	168 122 202 202 
./AFLW2000/image00481.jpg	151 119 211 211 
./AFLW2000/image00482.jpg	201 141 144 144 
./AFLW2000/image00483.jpg	162 117 201 201 
./AFLW2000/image00485.jpg	205 147 139 139 
./AFLW2000/image00486.jpg	191 176 139 139 
./AFLW2000/image00489.jpg	201 167 132 132 
./AFLW2000/image00490.jpg	159 118 209 209 
./AFLW2000/image00491.jpg	210 168 127 127 
./AFLW2000/image00494.jpg	157 124 215 215 
./AFLW2000/image00496.jpg	165 124 201 201 
./AFLW2000/image00498.jpg	144 113 233 233 
./AFLW2000/image00499.jpg	128 99 258 258 
./AFLW2000/image00500.jpg	132 99 253 253 
./AFLW2000/image00501.jpg	163 130 215 215 
./AFLW2000/image00503.jpg	155 112 224 224 
./AFLW2000/image00504.jpg	173 138 176 176 
./AFLW2000/image00506.jpg	164 123 209 209 
./AFLW2000/image00507.jpg	190 154 136 136 
./AFLW2000/image00511.jpg	171 133 194 194 
./AFLW2000/image00512.jpg	175 136 189 189 
./AFLW2000/image00514.jpg	146 127 207 207 
./AFLW2000/image00515.jpg	165 127 196 196 
./AFLW2000/image00516.jpg	182 158 159 159 
./AFLW2000/image00517.jpg	186 157 156 156 
./AFLW2000/image00518.jpg	148 118 221 221 
./AFLW2000/image00519.jpg	164 146 178 178 
./AFLW2000/image00520.jpg	171 140 183 183 
./AFLW2000/image00521.jpg	173 139 178 178 
./AFLW2000/image00523.jpg	199 160 137 137 
./AFLW2000/image00527.jpg	147 109 234 234 
./AFLW2000/image00528.jpg	161 122 205 205 
./AFLW2000/image00530.jpg	161 139 197 197 
./AFLW2000/image00532.jpg	159 128 210 210
./AFLW2000/image00533.jpg	163 135 202 202 
./AFLW2000/image00534.jpg	144 123 231 231 
./AFLW2000/image00535.jpg	165 133 192 192 
./AFLW2000/image00538.jpg	168 134 190 190 
./AFLW2000/image00540.jpg	156 120 213 213 
./AFLW2000/image00543.jpg	193 151 146 146 
./AFLW2000/image00544.jpg	179 168 142 142 
./AFLW2000/image00545.jpg	187 139 161 161 
./AFLW2000/image00547.jpg	196 158 141 141 
./AFLW2000/image00548.jpg	147 118 216 216 
./AFLW2000/image00549.jpg	154 128 208 208 
./AFLW2000/image00550.jpg	178 147 166 166 
./AFLW2000/image00551.jpg	164 126 197 197 
./AFLW2000/image00553.jpg	162 120 207 207 
./AFLW2000/image00554.jpg	150 118 208 208 
./AFLW2000/image00555.jpg	147 109 229 229 
./AFLW2000/image00557.jpg	169 149 166 166 
./AFLW2000/image00558.jpg	179 146 169 169 
./AFLW2000/image00559.jpg	156 119 210 210 
./AFLW2000/image00560.jpg	146 114 230 230 
./AFLW2000/image00561.jpg	158 130 196 196 
./AFLW2000/image00562.jpg	140 104 253 253 
./AFLW2000/image00564.jpg	161 119 222 222 
./AFLW2000/image00565.jpg	197 179 135 135 
./AFLW2000/image00566.jpg	168 134 182 182 
./AFLW2000/image00567.jpg	170 126 187 187 
./AFLW2000/image00571.jpg	160 123 193 193 
./AFLW2000/image00574.jpg	161 137 192 192 
./AFLW2000/image00577.jpg	169 125 187 187 
./AFLW2000/image00578.jpg	154 104 216 216 
./AFLW2000/image00580.jpg	156 112 218 218 
./AFLW2000/image00584.jpg	147 115 228 228 
./AFLW2000/image00585.jpg	162 125 213 213 
./AFLW2000/image00586.jpg	170 127 184 184 
./AFLW2000/image00587.jpg	177 133 185 185 
./AFLW2000/image00589.jpg	153 110 227 227 
./AFLW2000/image00591.jpg	164 129 205 205 
./AFLW2000/image00592.jpg	167 123 202 202 
./AFLW2000/image00593.jpg	176 151 165 165 
./AFLW2000/image00595.jpg	152 110 231 231 
./AFLW2000/image00597.jpg	165 129 194 194 
./AFLW2000/image00598.jpg	152 108 240 240 
./AFLW2000/image00599.jpg	201 173 133 133 
./AFLW2000/image00600.jpg	141 105 250 250 
./AFLW2000/image00602.jpg	164 125 204 204 
./AFLW2000/image00604.jpg	167 120 212 212 
./AFLW2000/image00606.jpg	181 143 160 160 
./AFLW2000/image00607.jpg	168 128 197 197 
./AFLW2000/image00608.jpg	172 129 192 192 
./AFLW2000/image00609.jpg	161 124 208 208 
./AFLW2000/image00610.jpg	193 159 153 153 
./AFLW2000/image00611.jpg	152 119 234 234 
./AFLW2000/image00612.jpg	165 124 203 203 
./AFLW2000/image00613.jpg	161 126 203 203 
./AFLW2000/image00614.jpg	177 142 179 179 
./AFLW2000/image00615.jpg	154 117 218 218 
./AFLW2000/image00622.jpg	179 144 175 175 
./AFLW2000/image00623.jpg	201 165 131 131 
./AFLW2000/image00624.jpg	150 103 240 240 
./AFLW2000/image00626.jpg	196 138 158 158 
./AFLW2000/image00627.jpg	205 162 116 116 
./AFLW2000/image00631.jpg	188 160 144 144 
./AFLW2000/image00632.jpg	153 111 222 222 
./AFLW2000/image00634.jpg	156 116 219 219 
./AFLW2000/image00636.jpg	203 173 120 120 
./AFLW2000/image00642.jpg	160 127 192 192 
./AFLW2000/image00643.jpg	194 155 142 142 
./AFLW2000/image00645.jpg	163 126 195 195 
./AFLW2000/image00648.jpg	159 116 220 220 
./AFLW2000/image00650.jpg	151 115 226 226 
./AFLW2000/image00655.jpg	187 148 158 158 
./AFLW2000/image00656.jpg	164 130 205 205 
./AFLW2000/image00658.jpg	159 120 213 213 
./AFLW2000/image00661.jpg	194 167 127 127 
./AFLW2000/image00663.jpg	179 150 155 155 
./AFLW2000/image00665.jpg	166 117 218 218 
./AFLW2000/image00667.jpg	171 130 183 183 
./AFLW2000/image00670.jpg	172 134 189 189 
./AFLW2000/image00673.jpg	181 138 163 163 
./AFLW2000/image00678.jpg	152 116 216 216 
./AFLW2000/image00679.jpg	153 117 206 206 
./AFLW2000/image00680.jpg	190 138 164 164 
./AFLW2000/image00681.jpg	153 115 222 222 
./AFLW2000/image00682.jpg	160 124 207 207 
./AFLW2000/image00683.jpg	161 126 212 212 
./AFLW2000/image00684.jpg	185 152 157 157 
./AFLW2000/image00685.jpg	160 119 206 206 
./AFLW2000/image00688.jpg	155 121 216 216 
./AFLW2000/image00689.jpg	160 192 170 170 
./AFLW2000/image00690.jpg	154 120 219 219 
./AFLW2000/image00691.jpg	166 121 206 206 
./AFLW2000/image00692.jpg	163 121 186 186 
./AFLW2000/image00693.jpg	148 116 222 222 
./AFLW2000/image00694.jpg	153 125 209 209 
./AFLW2000/image00695.jpg	161 127 204 204 
./AFLW2000/image00696.jpg	202 147 173 173 
./AFLW2000/image00697.jpg	163 126 202 202 
./AFLW2000/image00699.jpg	174 146 169 169 
./AFLW2000/image00700.jpg	158 115 224 224 
./AFLW2000/image00705.jpg	147 105 230 230 
./AFLW2000/image00710.jpg	182 142 174 174 
./AFLW2000/image00712.jpg	156 121 227 227 
./AFLW2000/image00713.jpg	175 148 151 151 
./AFLW2000/image00714.jpg	150 105 236 236 
./AFLW2000/image00715.jpg	148 102 242 242 
./AFLW2000/image00719.jpg	164 127 200 200 
./AFLW2000/image00722.jpg	201 176 134 134 
./AFLW2000/image00723.jpg	161 126 206 206 
./AFLW2000/image00724.jpg	159 117 198 198 
./AFLW2000/image00725.jpg	176 148 176 176 
./AFLW2000/image00726.jpg	153 108 233 233 
./AFLW2000/image00727.jpg	169 131 192 192 
./AFLW2000/image00728.jpg	142 105 236 236 
./AFLW2000/image00729.jpg	161 122 209 209 
./AFLW2000/image00730.jpg	161 121 203 203 
./AFLW2000/image00731.jpg	199 145 141 141 
./AFLW2000/image00733.jpg	138 99 253 253 
./AFLW2000/image00735.jpg	196 161 139 139 
./AFLW2000/image00739.jpg	163 142 172 172 
./AFLW2000/image00740.jpg	164 125 200 200 
./AFLW2000/image00741.jpg	158 124 205 205 
./AFLW2000/image00743.jpg	143 118 223 223 
./AFLW2000/image00745.jpg	168 129 192 192 
./AFLW2000/image00747.jpg	165 126 196 196 
./AFLW2000/image00748.jpg	204 169 142 142 
./AFLW2000/image00753.jpg	160 122 211 211 
./AFLW2000/image00755.jpg	192 160 133 133 
./AFLW2000/image00757.jpg	162 127 199 199 
./AFLW2000/image00759.jpg	163 136 181 181 
./AFLW2000/image00761.jpg	159 127 206 206 
./AFLW2000/image00764.jpg	155 111 221 221 
./AFLW2000/image00771.jpg	140 111 230 230 
./AFLW2000/image00772.jpg	152 100 232 232 
./AFLW2000/image00773.jpg	144 117 229 229 
./AFLW2000/image00774.jpg	148 115 224 224 
./AFLW2000/image00775.jpg	131 96 258 258 
./AFLW2000/image00776.jpg	162 122 209 209 
./AFLW2000/image00777.jpg	159 128 208 208 
./AFLW2000/image00778.jpg	140 112 221 221 
./AFLW2000/image00779.jpg	142 119 227 227 
./AFLW2000/image00781.jpg	196 170 129 129 
./AFLW2000/image00782.jpg	170 129 188 188 
./AFLW2000/image00783.jpg	149 122 219 219 
./AFLW2000/image00784.jpg	195 151 136 136 
./AFLW2000/image00785.jpg	141 101 236 236 
./AFLW2000/image00787.jpg	191 147 148 148 
./AFLW2000/image00788.jpg	175 136 176 176 
./AFLW2000/image00791.jpg	161 113 226 226 
./AFLW2000/image00792.jpg	142 102 256 256 
./AFLW2000/image00793.jpg	169 121 216 216 
./AFLW2000/image00795.jpg	182 161 134 134 
./AFLW2000/image00796.jpg	159 100 227 227 
./AFLW2000/image00797.jpg	184 148 160 160 
./AFLW2000/image00801.jpg	173 119 184 184 
./AFLW2000/image00802.jpg	172 133 186 186 
./AFLW2000/image00803.jpg	197 155 144 144 
./AFLW2000/image00804.jpg	152 122 224 224 
./AFLW2000/image00806.jpg	148 110 236 236 
./AFLW2000/image00808.jpg	188 134 162 162 
./AFLW2000/image00809.jpg	179 128 185 185 
./AFLW2000/image00813.jpg	157 130 195 195 
./AFLW2000/image00814.jpg	156 120 205 205 
./AFLW2000/image00815.jpg	191 172 140 140 
./AFLW2000/image00818.jpg	144 114 218 218 
./AFLW2000/image00824.jpg	133 100 253 253 
./AFLW2000/image00825.jpg	194 169 132 132 
./AFLW2000/image00826.jpg	175 181 130 130 
./AFLW2000/image00829.jpg	158 119 204 204 
./AFLW2000/image00830.jpg	185 148 153 153 
./AFLW2000/image00831.jpg	195 156 173 173 
./AFLW2000/image00832.jpg	168 136 184 184 
./AFLW2000/image00836.jpg	147 113 226 226 
./AFLW2000/image00837.jpg	189 163 147 147 
./AFLW2000/image00838.jpg	182 148 161 161 
./AFLW2000/image00839.jpg	155 120 223 223 
./AFLW2000/image00840.jpg	172 136 183 183 
./AFLW2000/image00841.jpg	170 131 193 193 
./AFLW2000/image00842.jpg	149 117 221 221 
./AFLW2000/image00843.jpg	149 121 217 217 
./AFLW2000/image00844.jpg	158 117 207 207 
./AFLW2000/image00845.jpg	156 127 208 208 
./AFLW2000/image00846.jpg	169 130 193 193 
./AFLW2000/image00847.jpg	194 161 133 133 
./AFLW2000/image00849.jpg	143 108 238 238 
./AFLW2000/image00850.jpg	192 148 165 165 
./AFLW2000/image00851.jpg	162 121 219 219 
./AFLW2000/image00854.jpg	145 111 219 219 
./AFLW2000/image00855.jpg	172 140 173 173 
./AFLW2000/image00856.jpg	140 98 247 247 
./AFLW2000/image00860.jpg	169 126 193 193 
./AFLW2000/image00861.jpg	190 158 119 119 
./AFLW2000/image00862.jpg	143 119 235 235 
./AFLW2000/image00863.jpg	182 141 179 179 
./AFLW2000/image00866.jpg	194 144 135 135 
./AFLW2000/image00872.jpg	153 121 213 213 
./AFLW2000/image00874.jpg	140 106 237 237 
./AFLW2000/image00877.jpg	150 112 232 232 
./AFLW2000/image00882.jpg	157 117 210 210 
./AFLW2000/image00886.jpg	167 124 197 197 
./AFLW2000/image00888.jpg	203 175 119 119 
./AFLW2000/image00889.jpg	159 132 192 192 
./AFLW2000/image00891.jpg	163 120 210 210 
./AFLW2000/image00892.jpg	152 116 220 220 
./AFLW2000/image00893.jpg	144 122 217 217 
./AFLW2000/image00894.jpg	151 120 218 218 
./AFLW2000/image00895.jpg	150 118 225 225 
./AFLW2000/image00896.jpg	165 120 197 197 
./AFLW2000/image00898.jpg	160 139 198 198 
./AFLW2000/image00901.jpg	149 110 229 229 
./AFLW2000/image00902.jpg	157 129 198 198 
./AFLW2000/image00903.jpg	160 137 203 203 
./AFLW2000/image00904.jpg	166 126 186 186 
./AFLW2000/image00905.jpg	147 111 234 234 
./AFLW2000/image00907.jpg	193 161 123 123 
./AFLW2000/image00908.jpg	154 105 229 229 
./AFLW2000/image00909.jpg	142 115 233 233 
./AFLW2000/image00911.jpg	157 119 209 209 
./AFLW2000/image00915.jpg	182 145 164 164 
./AFLW2000/image00918.jpg	139 105 242 242 
./AFLW2000/image00922.jpg	169 116 208 208 
./AFLW2000/image00923.jpg	155 120 207 207 
./AFLW2000/image00925.jpg	166 132 189 189 
./AFLW2000/image00929.jpg	159 118 214 214 
./AFLW2000/image00930.jpg	145 111 231 231 
./AFLW2000/image00931.jpg	183 144 157 157 
./AFLW2000/image00932.jpg	145 118 223 223 
./AFLW2000/image00933.jpg	167 134 188 188 
./AFLW2000/image00934.jpg	177 136 172 172 
./AFLW2000/image00935.jpg	190 180 117 117 
./AFLW2000/image00937.jpg	163 123 201 201 
./AFLW2000/image00939.jpg	174 130 189 189 
./AFLW2000/image00940.jpg	158 128 202 202 
./AFLW2000/image00941.jpg	156 100 234 234 
./AFLW2000/image00942.jpg	187 149 159 159 
./AFLW2000/image00943.jpg	168 134 189 189 
./AFLW2000/image00946.jpg	185 157 150 150 
./AFLW2000/image00947.jpg	145 113 239 239 
./AFLW2000/image00948.jpg	161 127 202 202 
./AFLW2000/image00950.jpg	155 107 225 225 
./AFLW2000/image00954.jpg	153 120 217 217 
./AFLW2000/image00957.jpg	171 133 194 194 
./AFLW2000/image00960.jpg	162 119 211 211 
./AFLW2000/image00961.jpg	171 133 185 185 
./AFLW2000/image00962.jpg	180 135 175 175 
./AFLW2000/image00963.jpg	184 160 147 147 
./AFLW2000/image00965.jpg	183 139 170 170 
./AFLW2000/image00966.jpg	135 104 254 254 
./AFLW2000/image00967.jpg	179 142 165 165 
./AFLW2000/image00968.jpg	159 117 215 215 
./AFLW2000/image00971.jpg	169 140 181 181 
./AFLW2000/image00972.jpg	150 111 226 226 
./AFLW2000/image00973.jpg	162 126 193 193 
./AFLW2000/image00974.jpg	172 130 186 186 
./AFLW2000/image00976.jpg	149 109 232 232 
./AFLW2000/image00978.jpg	183 147 160 160 
./AFLW2000/image00979.jpg	172 139 175 175 
./AFLW2000/image00981.jpg	205 171 124 124 
./AFLW2000/image00982.jpg	141 109 243 243 
./AFLW2000/image00984.jpg	157 117 203 203
./AFLW2000/image00985.jpg	157 121 214 214 
./AFLW2000/image00988.jpg	163 131 188 188 
./AFLW2000/image00989.jpg	152 114 225 225 
./AFLW2000/image00995.jpg	167 138 189 189 
./AFLW2000/image00998.jpg	160 124 202 202 
./AFLW2000/image00999.jpg	157 120 217 217 
./AFLW2000/image01000.jpg	142 106 237 237 
./AFLW2000/image01001.jpg	144 61 234 234 
./AFLW2000/image01002.jpg	159 124 200 200 
./AFLW2000/image01003.jpg	156 118 218 218 
./AFLW2000/image01008.jpg	162 124 208 208 
./AFLW2000/image01009.jpg	137 106 239 239 
./AFLW2000/image01010.jpg	153 114 221 221 
./AFLW2000/image01012.jpg	197 142 131 131 
./AFLW2000/image01014.jpg	166 141 180 180 
./AFLW2000/image01016.jpg	157 117 216 216 
./AFLW2000/image01017.jpg	206 175 122 122 
./AFLW2000/image01021.jpg	140 98 251 251 
./AFLW2000/image01025.jpg	172 133 194 194 
./AFLW2000/image01026.jpg	168 125 206 206 
./AFLW2000/image01028.jpg	160 118 212 212 
./AFLW2000/image01031.jpg	139 110 235 235 
./AFLW2000/image01032.jpg	158 126 203 203 
./AFLW2000/image01033.jpg	138 101 251 251 
./AFLW2000/image01034.jpg	159 129 206 206 
./AFLW2000/image01038.jpg	155 126 186 186 
./AFLW2000/image01039.jpg	150 115 234 234 
./AFLW2000/image01040.jpg	179 146 168 168 
./AFLW2000/image01042.jpg	197 163 127 127 
./AFLW2000/image01045.jpg	161 116 210 210 
./AFLW2000/image01048.jpg	170 129 187 187 
./AFLW2000/image01050.jpg	169 130 193 193 
./AFLW2000/image01053.jpg	175 134 185 185 
./AFLW2000/image01054.jpg	176 139 165 165 
./AFLW2000/image01058.jpg	158 118 207 207 
./AFLW2000/image01059.jpg	155 116 215 215 
./AFLW2000/image01060.jpg	144 110 229 229 
./AFLW2000/image01061.jpg	144 105 233 233 
./AFLW2000/image01062.jpg	166 135 202 202 
./AFLW2000/image01063.jpg	156 121 214 214 
./AFLW2000/image01065.jpg	153 118 203 203 
./AFLW2000/image01066.jpg	168 132 191 191 
./AFLW2000/image01067.jpg	161 113 226 226 
./AFLW2000/image01070.jpg	149 125 219 219 
./AFLW2000/image01071.jpg	150 123 212 212 
./AFLW2000/image01072.jpg	155 123 216 216 
./AFLW2000/image01077.jpg	173 138 175 175 
./AFLW2000/image01079.jpg	140 104 241 241 
./AFLW2000/image01083.jpg	145 115 228 228 
./AFLW2000/image01084.jpg	152 115 220 220 
./AFLW2000/image01085.jpg	159 113 210 210 
./AFLW2000/image01086.jpg	132 97 262 262 
./AFLW2000/image01087.jpg	159 127 195 195 
./AFLW2000/image01088.jpg	161 132 201 201 
./AFLW2000/image01089.jpg	182 144 161 161 
./AFLW2000/image01090.jpg	172 140 184 184 
./AFLW2000/image01092.jpg	173 123 185 185 
./AFLW2000/image01093.jpg	177 139 184 184 
./AFLW2000/image01095.jpg	204 154 130 130 
./AFLW2000/image01097.jpg	157 114 211 211 
./AFLW2000/image01100.jpg	145 105 242 242 
./AFLW2000/image01104.jpg	148 113 213 213 
./AFLW2000/image01106.jpg	168 128 192 192 
./AFLW2000/image01108.jpg	163 122 194 194 
./AFLW2000/image01109.jpg	165 129 192 192 
./AFLW2000/image01110.jpg	158 118 222 222 
./AFLW2000/image01111.jpg	169 129 190 190 
./AFLW2000/image01112.jpg	148 116 221 221 
./AFLW2000/image01113.jpg	142 127 222 222 
./AFLW2000/image01117.jpg	163 126 203 203 
./AFLW2000/image01118.jpg	150 106 232 232 
./AFLW2000/image01119.jpg	193 145 158 158 
./AFLW2000/image01120.jpg	150 112 229 229 
./AFLW2000/image01124.jpg	160 101 217 217 
./AFLW2000/image01126.jpg	204 133 145 145 
./AFLW2000/image01128.jpg	173 125 188 188 
./AFLW2000/image01129.jpg	174 115 205 205 
./AFLW2000/image01131.jpg	159 122 208 208 
./AFLW2000/image01132.jpg	140 111 236 236 
./AFLW2000/image01133.jpg	141 113 238 238 
./AFLW2000/image01138.jpg	176 115 201 201 
./AFLW2000/image01139.jpg	157 117 218 218 
./AFLW2000/image01141.jpg	140 101 249 249 
./AFLW2000/image01146.jpg	169 132 190 190 
./AFLW2000/image01147.jpg	165 128 215 215 
./AFLW2000/image01149.jpg	158 112 210 210 
./AFLW2000/image01150.jpg	148 113 232 232 
./AFLW2000/image01152.jpg	140 114 230 230 
./AFLW2000/image01155.jpg	185 153 155 155 
./AFLW2000/image01157.jpg	158 122 204 204
./AFLW2000/image01161.jpg	171 133 188 188 
./AFLW2000/image01163.jpg	155 109 227 227 
./AFLW2000/image01164.jpg	148 111 218 218 
./AFLW2000/image01165.jpg	181 146 164 164 
./AFLW2000/image01168.jpg	158 121 207 207 
./AFLW2000/image01171.jpg	162 128 198 198 
./AFLW2000/image01173.jpg	179 140 165 165 
./AFLW2000/image01174.jpg	161 128 203 203 
./AFLW2000/image01175.jpg	166 122 187 187 
./AFLW2000/image01177.jpg	165 123 203 203
./AFLW2000/image01178.jpg	148 118 219 219 
./AFLW2000/image01181.jpg	162 120 208 208 
./AFLW2000/image01182.jpg	152 113 216 216 
./AFLW2000/image01184.jpg	152 116 217 217 
./AFLW2000/image01189.jpg	127 103 240 240 
./AFLW2000/image01190.jpg	173 138 175 175 
./AFLW2000/image01191.jpg	158 124 204 204 
./AFLW2000/image01196.jpg	154 115 211 211 
./AFLW2000/image01198.jpg	167 98 226 226 
./AFLW2000/image01200.jpg	166 128 185 185 
./AFLW2000/image01201.jpg	180 153 140 140 
./AFLW2000/image01202.jpg	128 90 270 270 
./AFLW2000/image01205.jpg	177 140 167 167 
./AFLW2000/image01207.jpg	197 140 143 143 
./AFLW2000/image01210.jpg	136 102 249 249 
./AFLW2000/image01212.jpg	135 86 267 267 
./AFLW2000/image01215.jpg	153 126 205 205 
./AFLW2000/image01217.jpg	146 111 222 222 
./AFLW2000/image01218.jpg	164 114 217 217 
./AFLW2000/image01220.jpg	194 148 145 145 
./AFLW2000/image01224.jpg	145 109 227 227 
./AFLW2000/image01226.jpg	162 124 202 202 
./AFLW2000/image01230.jpg	147 112 226 226 
./AFLW2000/image01232.jpg	183 152 155 155 
./AFLW2000/image01233.jpg	162 119 205 205 
./AFLW2000/image01238.jpg	193 145 145 145 
./AFLW2000/image01240.jpg	162 125 203 203 
./AFLW2000/image01243.jpg	154 122 205 205 
./AFLW2000/image01246.jpg	168 158 177 177 
./AFLW2000/image01247.jpg	174 126 185 185 
./AFLW2000/image01249.jpg	163 109 221 221 
./AFLW2000/image01251.jpg	142 113 231 231 
./AFLW2000/image01253.jpg	165 121 205 205 
./AFLW2000/image01258.jpg	154 118 220 220 
./AFLW2000/image01260.jpg	170 129 187 187 
./AFLW2000/image01262.jpg	176 122 186 186 
./AFLW2000/image01264.jpg	193 162 137 137 
./AFLW2000/image01266.jpg	171 129 183 183 
./AFLW2000/image01268.jpg	162 125 203 203 
./AFLW2000/image01272.jpg	159 122 204 204 
./AFLW2000/image01276.jpg	161 124 200 200 
./AFLW2000/image01280.jpg	166 132 190 190 
./AFLW2000/image01282.jpg	146 112 232 232 
./AFLW2000/image01283.jpg	162 139 192 192 
./AFLW2000/image01286.jpg	185 143 163 163 
./AFLW2000/image01288.jpg	162 125 198 198 
./AFLW2000/image01290.jpg	144 106 237 237 
./AFLW2000/image01292.jpg	172 135 182 182 
./AFLW2000/image01294.jpg	195 161 137 137 
./AFLW2000/image01296.jpg	157 117 218 218 
./AFLW2000/image01298.jpg	165 124 206 206 
./AFLW2000/image01299.jpg	178 143 177 177 
./AFLW2000/image01300.jpg	150 113 215 215 
./AFLW2000/image01302.jpg	168 126 189 189 
./AFLW2000/image01306.jpg	142 110 233 233 
./AFLW2000/image01308.jpg	177 130 181 181 
./AFLW2000/image01309.jpg	207 173 124 124 
./AFLW2000/image01310.jpg	160 123 208 208 
./AFLW2000/image01312.jpg	136 104 247 247 
./AFLW2000/image01314.jpg	171 125 196 196 
./AFLW2000/image01315.jpg	177 136 187 187 
./AFLW2000/image01317.jpg	133 96 263 263 
./AFLW2000/image01319.jpg	168 124 201 201 
./AFLW2000/image01322.jpg	156 109 222 222 
./AFLW2000/image01323.jpg	139 137 212 212 
./AFLW2000/image01324.jpg	164 125 201 201 
./AFLW2000/image01328.jpg	164 124 198 198 
./AFLW2000/image01329.jpg	118 88 277 277 
./AFLW2000/image01331.jpg	164 126 208 208 
./AFLW2000/image01333.jpg	167 129 198 198 
./AFLW2000/image01334.jpg	148 106 232 232 
./AFLW2000/image01338.jpg	162 119 206 206 
./AFLW2000/image01340.jpg	165 120 202 202 
./AFLW2000/image01342.jpg	156 115 218 218 
./AFLW2000/image01346.jpg	164 120 213 213 
./AFLW2000/image01350.jpg	162 126 205 205 
./AFLW2000/image01352.jpg	163 123 214 214 
./AFLW2000/image01360.jpg	153 119 220 220 
./AFLW2000/image01362.jpg	160 126 207 207 
./AFLW2000/image01366.jpg	154 113 211 211 
./AFLW2000/image01368.jpg	166 131 196 196 
./AFLW2000/image01375.jpg	161 128 204 204 
./AFLW2000/image01376.jpg	152 161 187 187 
./AFLW2000/image01377.jpg	190 153 134 134 
./AFLW2000/image01380.jpg	154 114 224 224 
./AFLW2000/image01387.jpg	170 128 180 180 
./AFLW2000/image01391.jpg	166 115 202 202 
./AFLW2000/image01395.jpg	170 128 185 185 
./AFLW2000/image01396.jpg	141 105 237 237 
./AFLW2000/image01397.jpg	147 104 244 244 
./AFLW2000/image01400.jpg	160 117 220 220 
./AFLW2000/image01401.jpg	151 130 217 217 
./AFLW2000/image01402.jpg	158 120 217 217 
./AFLW2000/image01404.jpg	167 123 209 209 
./AFLW2000/image01406.jpg	176 115 201 201 
./AFLW2000/image01407.jpg	165 128 196 196 
./AFLW2000/image01410.jpg	167 135 184 184 
./AFLW2000/image01414.jpg	162 125 200 200 
./AFLW2000/image01416.jpg	180 124 190 190 
./AFLW2000/image01417.jpg	165 125 196 196 
./AFLW2000/image01419.jpg	218 167 110 110 
./AFLW2000/image01421.jpg	156 131 200 200 
./AFLW2000/image01427.jpg	169 127 187 187 
./AFLW2000/image01431.jpg	141 113 233 233 
./AFLW2000/image01433.jpg	157 117 214 214 
./AFLW2000/image01437.jpg	176 119 182 182 
./AFLW2000/image01438.jpg	187 154 153 153 
./AFLW2000/image01442.jpg	181 146 175 175 
./AFLW2000/image01449.jpg	126 97 276 276 
./AFLW2000/image01453.jpg	175 136 191 191 
./AFLW2000/image01459.jpg	185 141 161 161 
./AFLW2000/image01460.jpg	164 137 198 198 
./AFLW2000/image01461.jpg	205 151 133 133 
./AFLW2000/image01466.jpg	167 131 197 197 
./AFLW2000/image01467.jpg	146 106 235 235 
./AFLW2000/image01468.jpg	179 140 176 176 
./AFLW2000/image01469.jpg	160 126 211 211 
./AFLW2000/image01470.jpg	152 117 223 223 
./AFLW2000/image01471.jpg	157 119 213 213 
./AFLW2000/image01472.jpg	155 113 223 223 
./AFLW2000/image01474.jpg	165 137 194 194 
./AFLW2000/image01475.jpg	156 124 212 212 
./AFLW2000/image01476.jpg	154 120 214 214 
./AFLW2000/image01477.jpg	183 149 160 160 
./AFLW2000/image01479.jpg	155 112 218 218 
./AFLW2000/image01480.jpg	152 110 225 225 
./AFLW2000/image01483.jpg	178 137 167 167
./AFLW2000/image01488.jpg	189 167 157 157 
./AFLW2000/image01496.jpg	183 144 144 144 
./AFLW2000/image01503.jpg	154 120 219 219
./AFLW2000/image01504.jpg	196 149 136 136 
./AFLW2000/image01505.jpg	198 166 136 136
./AFLW2000/image01506.jpg	193 170 144 144 
./AFLW2000/image01507.jpg	165 122 194 194 
./AFLW2000/image01513.jpg	184 144 160 160 
./AFLW2000/image01514.jpg	148 108 238 238 
./AFLW2000/image01540.jpg	179 136 159 159 
./AFLW2000/image01556.jpg	187 157 145 145 
./AFLW2000/image01562.jpg	161 162 184 184 
./AFLW2000/image01565.jpg	161 126 217 217 
./AFLW2000/image01569.jpg	185 132 175 175 
./AFLW2000/image01571.jpg	151 128 222 222 
./AFLW2000/image01572.jpg	205 159 121 121 
./AFLW2000/image01573.jpg	198 139 144 144 
./AFLW2000/image01574.jpg	175 134 184 184 
./AFLW2000/image01575.jpg	163 140 195 195 
./AFLW2000/image01576.jpg	164 121 212 212 
./AFLW2000/image01578.jpg	187 150 163 163 
./AFLW2000/image01586.jpg
./AFLW2000/image01591.jpg	158 83 266 266 
./AFLW2000/image01593.jpg	206 168 128 128 
./AFLW2000/image01598.jpg	195 160 143 143 
./AFLW2000/image01602.jpg	147 124 199 199 
./AFLW2000/image01603.jpg	190 141 148 148 
./AFLW2000/image01604.jpg	203 173 125 125 
./AFLW2000/image01605.jpg	136 102 252 252 
./AFLW2000/image01606.jpg	198 169 115 115 
./AFLW2000/image01607.jpg	184 142 141 141 
./AFLW2000/image01621.jpg	150 130 198 198 
./AFLW2000/image01622.jpg	164 132 193 193 
./AFLW2000/image01623.jpg	154 112 234 234 
./AFLW2000/image01624.jpg	174 132 151 151 
./AFLW2000/image01629.jpg	156 110 211 211 
./AFLW2000/image01630.jpg	154 113 200 200 
./AFLW2000/image01631.jpg	208 173 110 110 
./AFLW2000/image01633.jpg	223 168 103 103 
./AFLW2000/image01634.jpg	189 164 155 155 
./AFLW2000/image01639.jpg	198 157 138 138 
./AFLW2000/image01641.jpg	172 118 186 186 
./AFLW2000/image01642.jpg	196 176 119 119 
./AFLW2000/image01643.jpg	179 152 164 164 
./AFLW2000/image01644.jpg	133 103 239 239 
./AFLW2000/image01645.jpg	156 121 211 211 
./AFLW2000/image01646.jpg	153 115 207 207 
./AFLW2000/image01647.jpg	156 124 212 212 
./AFLW2000/image01649.jpg	197 145 133 133 
./AFLW2000/image01652.jpg	206 149 132 132 
./AFLW2000/image01653.jpg	140 112 237 237
./AFLW2000/image01655.jpg	161 131 193 193 
./AFLW2000/image01657.jpg	202 141 138 138 
./AFLW2000/image01659.jpg	209 185 111 111 
./AFLW2000/image01662.jpg	213 161 111 111 
./AFLW2000/image01670.jpg	164 96 191 191 
./AFLW2000/image01675.jpg	173 127 193 193 
./AFLW2000/image01676.jpg	179 139 160 160 
./AFLW2000/image01677.jpg	177 150 166 166 
./AFLW2000/image01682.jpg	187 142 154 154 
./AFLW2000/image01686.jpg	210 156 126 126 
./AFLW2000/image01688.jpg	168 143 172 172 
./AFLW2000/image01690.jpg	158 127 214 214 
./AFLW2000/image01691.jpg	209 156 122 122 
./AFLW2000/image01693.jpg	174 130 189 189 
./AFLW2000/image01698.jpg	166 127 199 199 
./AFLW2000/image01699.jpg	210 155 123 123 
./AFLW2000/image01700.jpg	136 143 211 211 
./AFLW2000/image01708.jpg	203 179 130 130 
./AFLW2000/image01711.jpg	211 176 125 125 
./AFLW2000/image01716.jpg	202 150 135 135 
./AFLW2000/image01717.jpg	158 122 203 203 
./AFLW2000/image01720.jpg	146 81 269 269 
./AFLW2000/image01732.jpg	160 116 219 219 
./AFLW2000/image01733.jpg	190 163 141 141 
./AFLW2000/image01736.jpg	202 152 131 131 
./AFLW2000/image01738.jpg	177 133 172 172 
./AFLW2000/image01739.jpg	199 165 139 139 
./AFLW2000/image01744.jpg	152 111 227 227 
./AFLW2000/image01745.jpg	139 101 258 258 
./AFLW2000/image01748.jpg	198 227 140 140 
./AFLW2000/image01749.jpg	187 148 159 159 
./AFLW2000/image01751.jpg	191 131 177 177 
./AFLW2000/image01762.jpg	157 117 212 212 
./AFLW2000/image01763.jpg	163 129 205 205 
./AFLW2000/image01764.jpg	186 133 173 173 
./AFLW2000/image01765.jpg	162 120 216 216 
./AFLW2000/image01769.jpg	179 136 186 186 
./AFLW2000/image01770.jpg	159 125 197 197 
./AFLW2000/image01773.jpg	200 136 148 148 
./AFLW2000/image01775.jpg	148 115 227 227 
./AFLW2000/image01780.jpg	184 158 160 160 
./AFLW2000/image01781.jpg	180 148 169 169 
./AFLW2000/image01782.jpg	207 160 124 124 
./AFLW2000/image01783.jpg	181 157 158 158 
./AFLW2000/image01784.jpg	151 116 219 219 
./AFLW2000/image01785.jpg	183 148 169 169 
./AFLW2000/image01786.jpg	209 145 130 130 
./AFLW2000/image01787.jpg	171 130 184 184 
./AFLW2000/image01790.jpg	205 149 138 138 
./AFLW2000/image01791.jpg	208 155 116 116 
./AFLW2000/image01795.jpg	213 180 131 131 
./AFLW2000/image01796.jpg	207 152 136 136 
./AFLW2000/image01797.jpg	196 165 148 148 
./AFLW2000/image01798.jpg	143 107 241 241 
./AFLW2000/image01802.jpg	159 122 211 211 
./AFLW2000/image01807.jpg	163 129 200 200 
./AFLW2000/image01808.jpg	159 126 201 201 
./AFLW2000/image01809.jpg	143 112 236 236 
./AFLW2000/image01810.jpg	176 127 191 191 
./AFLW2000/image01811.jpg	159 126 203 203 
./AFLW2000/image01812.jpg	156 124 223 223 
./AFLW2000/image01814.jpg	159 107 222 222 
./AFLW2000/image01818.jpg	201 170 140 140 
./AFLW2000/image01820.jpg	205 151 132 132 
./AFLW2000/image01822.jpg	189 140 153 153 
./AFLW2000/image01823.jpg	190 150 168 168 
./AFLW2000/image01824.jpg	198 184 137 137 
./AFLW2000/image01826.jpg	180 145 168 168 
./AFLW2000/image01828.jpg	156 119 205 205 
./AFLW2000/image01829.jpg	200 168 123 123 
./AFLW2000/image01830.jpg	149 112 226 226 
./AFLW2000/image01831.jpg	148 119 222 222 
./AFLW2000/image01834.jpg	178 142 159 159 
./AFLW2000/image01839.jpg	209 180 131 131 
./AFLW2000/image01841.jpg	191 157 152 152 
./AFLW2000/image01842.jpg	138 113 263 263 
./AFLW2000/image01846.jpg	178 138 167 167 
./AFLW2000/image01847.jpg	173 145 176 176 
./AFLW2000/image01850.jpg	195 169 133 133 
./AFLW2000/image01851.jpg	191 154 151 151 
./AFLW2000/image01852.jpg	195 148 175 175 
./AFLW2000/image01853.jpg	204 133 156 156
./AFLW2000/image01854.jpg
./AFLW2000/image01857.jpg	150 128 222 222 
./AFLW2000/image01860.jpg	167 89 243 243 
./AFLW2000/image01867.jpg	176 120 194 194 
./AFLW2000/image01868.jpg	199 152 135 135 
./AFLW2000/image01869.jpg	191 156 121 121 
./AFLW2000/image01870.jpg	186 165 152 152 
./AFLW2000/image01873.jpg	136 96 254 254 
./AFLW2000/image01874.jpg	152 123 224 224 
./AFLW2000/image01878.jpg	186 160 153 153 
./AFLW2000/image01879.jpg	184 157 148 148 
./AFLW2000/image01885.jpg	192 175 124 124 
./AFLW2000/image01887.jpg	157 126 211 211 
./AFLW2000/image01892.jpg	166 134 203 203 
./AFLW2000/image01894.jpg	161 116 211 211 
./AFLW2000/image01896.jpg	177 133 180 180 
./AFLW2000/image01900.jpg	215 174 115 115 
./AFLW2000/image01901.jpg	155 118 197 197 
./AFLW2000/image01902.jpg	146 130 200 200 
./AFLW2000/image01918.jpg	204 164 120 120 
./AFLW2000/image01919.jpg	181 134 172 172 
./AFLW2000/image01920.jpg	144 104 245 245 
./AFLW2000/image01921.jpg	188 144 165 165 
./AFLW2000/image01922.jpg	165 132 202 202 
./AFLW2000/image01925.jpg	148 111 238 238 
./AFLW2000/image01927.jpg	186 146 163 163 
./AFLW2000/image01928.jpg	139 104 249 249 
./AFLW2000/image01932.jpg	146 106 239 239 
./AFLW2000/image01933.jpg	155 113 218 218 
./AFLW2000/image01934.jpg	159 129 212 212 
./AFLW2000/image01936.jpg	159 113 226 226 
./AFLW2000/image01938.jpg	151 130 210 210 
./AFLW2000/image01940.jpg	166 125 206 206 
./AFLW2000/image01941.jpg	189 158 151 151
./AFLW2000/image01943.jpg	165 116 201 201 
./AFLW2000/image01944.jpg	213 152 149 149 
./AFLW2000/image01945.jpg	182 142 149 149 
./AFLW2000/image01947.jpg	196 159 140 140 
./AFLW2000/image01950.jpg	199 175 137 137 
./AFLW2000/image01951.jpg	146 109 225 225 
./AFLW2000/image01952.jpg	177 140 168 168 
./AFLW2000/image01953.jpg	152 112 222 222 
./AFLW2000/image01956.jpg	156 115 221 221 
./AFLW2000/image01958.jpg	170 123 207 207 
./AFLW2000/image01971.jpg	175 129 184 184 
./AFLW2000/image01973.jpg	165 115 211 211 
./AFLW2000/image01974.jpg	154 114 221 221 
./AFLW2000/image01975.jpg	133 100 262 262 
./AFLW2000/image01980.jpg	158 115 222 222 
./AFLW2000/image01981.jpg	161 129 216 216 
./AFLW2000/image01982.jpg	170 128 195 195 
./AFLW2000/image01983.jpg	153 105 220 220 
./AFLW2000/image01984.jpg	158 126 215 215 
./AFLW2000/image01985.jpg	206 174 137 137 
./AFLW2000/image01986.jpg	168 129 202 202 
./AFLW2000/image01989.jpg	171 125 198 198 
./AFLW2000/image01991.jpg	152 107 227 227 
./AFLW2000/image01996.jpg	162 112 217 217 
./AFLW2000/image01997.jpg	185 143 158 158 
./AFLW2000/image02011.jpg	161 120 212 212 
./AFLW2000/image02012.jpg	169 126 194 194 
./AFLW2000/image02013.jpg	182 149 163 163 
./AFLW2000/image02014.jpg	172 133 193 193 
./AFLW2000/image02015.jpg	205 153 128 128 
./AFLW2000/image02016.jpg	192 169 129 129 
./AFLW2000/image02017.jpg	200 145 144 144 
./AFLW2000/image02023.jpg	151 118 222 222 
./AFLW2000/image02024.jpg	178 139 162 162 
./AFLW2000/image02026.jpg	154 122 204 204 
./AFLW2000/image02027.jpg	124 106 236 236 
./AFLW2000/image02028.jpg	141 111 232 232 
./AFLW2000/image02029.jpg	131 97 237 237 
./AFLW2000/image02030.jpg	143 100 232 232 
./AFLW2000/image02031.jpg	146 116 227 227 
./AFLW2000/image02032.jpg	153 118 224 224 
./AFLW2000/image02034.jpg	148 111 239 239 
./AFLW2000/image02035.jpg	153 123 220 220 
./AFLW2000/image02036.jpg	194 156 147 147 
./AFLW2000/image02037.jpg	142 102 250 250 
./AFLW2000/image02038.jpg	203 174 125 125 
./AFLW2000/image02039.jpg	167 133 180 180 
./AFLW2000/image02043.jpg	168 128 197 197 
./AFLW2000/image02044.jpg	164 126 214 214 
./AFLW2000/image02045.jpg	171 159 178 178 
./AFLW2000/image02046.jpg	197 168 129 129 
./AFLW2000/image02049.jpg	166 134 199 199 
./AFLW2000/image02050.jpg	189 167 144 144 
./AFLW2000/image02051.jpg	144 110 238 238 
./AFLW2000/image02054.jpg	153 111 224 224 
./AFLW2000/image02057.jpg	208 185 121 121 
./AFLW2000/image02058.jpg	205 175 121 121 
./AFLW2000/image02059.jpg	137 94 254 254 
./AFLW2000/image02061.jpg	178 152 172 172 
./AFLW2000/image02062.jpg	187 143 156 156 
./AFLW2000/image02064.jpg	199 155 127 127 
./AFLW2000/image02068.jpg	173 135 181 181 
./AFLW2000/image02069.jpg	152 112 220 220 
./AFLW2000/image02071.jpg	163 116 218 218 
./AFLW2000/image02072.jpg	158 131 206 206 
./AFLW2000/image02073.jpg	156 119 209 209 
./AFLW2000/image02075.jpg	197 150 144 144 
./AFLW2000/image02076.jpg	158 120 214 214 
./AFLW2000/image02079.jpg	163 128 205 205 
./AFLW2000/image02080.jpg	151 107 229 229 
./AFLW2000/image02083.jpg	182 147 162 162 
./AFLW2000/image02085.jpg	186 149 143 143 
./AFLW2000/image02093.jpg	183 126 184 184 
./AFLW2000/image02094.jpg	210 168 114 114 
./AFLW2000/image02099.jpg	204 154 118 118 
./AFLW2000/image02100.jpg	185 149 158 158 
./AFLW2000/image02107.jpg	202 154 130 130
./AFLW2000/image02112.jpg	195 142 167 167 
./AFLW2000/image02114.jpg	198 170 128 128 
./AFLW2000/image02116.jpg	198 163 138 138 
./AFLW2000/image02117.jpg	164 128 188 188 
./AFLW2000/image02121.jpg	191 147 146 146 
./AFLW2000/image02122.jpg	204 154 133 133 
./AFLW2000/image02124.jpg	190 133 170 170 
./AFLW2000/image02125.jpg	155 115 223 223 
./AFLW2000/image02128.jpg	152 114 217 217 
./AFLW2000/image02133.jpg	141 100 246 246 
./AFLW2000/image02136.jpg	158 143 210 210
./AFLW2000/image02137.jpg	201 173 117 117 
./AFLW2000/image02138.jpg	176 141 172 172 
./AFLW2000/image02139.jpg
./AFLW2000/image02142.jpg	170 123 193 193 
./AFLW2000/image02145.jpg	180 139 163 163 
./AFLW2000/image02147.jpg	151 135 201 201 
./AFLW2000/image02152.jpg	161 127 202 202 
./AFLW2000/image02154.jpg	187 132 166 166 
./AFLW2000/image02156.jpg
./AFLW2000/image02157.jpg	203 149 130 130 
./AFLW2000/image02165.jpg	162 119 206 206 
./AFLW2000/image02166.jpg	208 172 110 110 
./AFLW2000/image02171.jpg	165 121 206 206 
./AFLW2000/image02176.jpg	144 98 255 255 
./AFLW2000/image02178.jpg	143 101 252 252 
./AFLW2000/image02179.jpg	180 131 167 167 
./AFLW2000/image02183.jpg	159 122 221 221 
./AFLW2000/image02190.jpg	199 160 120 120 
./AFLW2000/image02191.jpg	198 165 132 132 
./AFLW2000/image02194.jpg	137 108 243 243 
./AFLW2000/image02195.jpg	153 112 224 224 
./AFLW2000/image02196.jpg	156 114 228 228 
./AFLW2000/image02197.jpg	180 150 161 161 
./AFLW2000/image02199.jpg	141 109 247 247 
./AFLW2000/image02202.jpg	152 115 230 230 
./AFLW2000/image02203.jpg	170 122 196 196
./AFLW2000/image02208.jpg	151 107 230 230 
./AFLW2000/image02209.jpg	169 140 183 183 
./AFLW2000/image02210.jpg	145 117 234 234 
./AFLW2000/image02211.jpg	161 132 197 197 
./AFLW2000/image02212.jpg	177 144 169 169 
./AFLW2000/image02213.jpg	145 111 233 233 
./AFLW2000/image02214.jpg	154 104 244 244 
./AFLW2000/image02215.jpg	153 130 218 218 
./AFLW2000/image02216.jpg	153 113 222 222 
./AFLW2000/image02217.jpg	163 121 201 201 
./AFLW2000/image02218.jpg	156 115 224 224 
./AFLW2000/image02219.jpg	165 134 198 198 
./AFLW2000/image02234.jpg	152 124 214 214 
./AFLW2000/image02236.jpg	206 176 120 120 
./AFLW2000/image02239.jpg	165 134 199 199 
./AFLW2000/image02242.jpg	183 148 162 162 
./AFLW2000/image02243.jpg	196 160 140 140 
./AFLW2000/image02244.jpg	184 123 164 164 
./AFLW2000/image02245.jpg	169 130 194 194 
./AFLW2000/image02246.jpg	159 115 216 216 
./AFLW2000/image02247.jpg	182 154 153 153 
./AFLW2000/image02249.jpg	199 168 143 143 
./AFLW2000/image02251.jpg	160 120 200 200 
./AFLW2000/image02252.jpg	205 150 129 129 
./AFLW2000/image02256.jpg	119 87 278 278 
./AFLW2000/image02257.jpg	140 106 245 245 
./AFLW2000/image02259.jpg	140 111 230 230 
./AFLW2000/image02261.jpg	179 140 169 169 
./AFLW2000/image02267.jpg	146 108 232 232 
./AFLW2000/image02268.jpg	207 152 128 128 
./AFLW2000/image02271.jpg	156 117 219 219 
./AFLW2000/image02272.jpg	194 170 121 121 
./AFLW2000/image02273.jpg	186 143 154 154 
./AFLW2000/image02274.jpg	192 131 161 161 
./AFLW2000/image02277.jpg	195 146 143 143 
./AFLW2000/image02278.jpg	191 143 145 145 
./AFLW2000/image02282.jpg	174 156 162 162 
./AFLW2000/image02283.jpg	161 126 206 206 
./AFLW2000/image02284.jpg	149 111 230 230 
./AFLW2000/image02285.jpg	170 133 190 190 
./AFLW2000/image02286.jpg	137 106 244 244 
./AFLW2000/image02289.jpg	207 179 118 118 
./AFLW2000/image02290.jpg	195 174 130 130 
./AFLW2000/image02291.jpg	193 164 145 145 
./AFLW2000/image02295.jpg	160 151 191 191 
./AFLW2000/image02298.jpg	193 167 130 130 
./AFLW2000/image02300.jpg	195 152 152 152 
./AFLW2000/image02302.jpg	138 100 248 248 
./AFLW2000/image02307.jpg	163 127 200 200 
./AFLW2000/image02308.jpg	160 122 205 205 
./AFLW2000/image02310.jpg	192 138 168 168 
./AFLW2000/image02312.jpg	141 106 237 237 
./AFLW2000/image02313.jpg	137 103 241 241 
./AFLW2000/image02317.jpg	108 340 131 131
./AFLW2000/image02319.jpg	168 155 180 180 
./AFLW2000/image02322.jpg	147 112 236 236 
./AFLW2000/image02327.jpg	193 154 144 144 
./AFLW2000/image02329.jpg	167 122 195 195 
./AFLW2000/image02332.jpg	171 131 185 185 
./AFLW2000/image02333.jpg	145 90 251 251 
./AFLW2000/image02339.jpg	157 121 215 215 
./AFLW2000/image02340.jpg	156 121 213 213 
./AFLW2000/image02344.jpg	148 114 228 228 
./AFLW2000/image02345.jpg	156 120 219 219 
./AFLW2000/image02346.jpg	164 129 195 195 
./AFLW2000/image02347.jpg	163 120 198 198 
./AFLW2000/image02351.jpg	178 133 176 176 
./AFLW2000/image02355.jpg	140 102 239 239 
./AFLW2000/image02359.jpg	178 127 170 170 
./AFLW2000/image02362.jpg	189 148 156 156 
./AFLW2000/image02363.jpg	173 114 193 193 
./AFLW2000/image02367.jpg	175 123 183 183 
./AFLW2000/image02369.jpg	199 170 124 124 
./AFLW2000/image02370.jpg	152 104 239 239 
./AFLW2000/image02373.jpg	205 140 139 139 
./AFLW2000/image02375.jpg	156 130 211 211 
./AFLW2000/image02376.jpg	189 146 148 148 
./AFLW2000/image02378.jpg	146 95 235 235 
./AFLW2000/image02379.jpg	161 124 201 201 
./AFLW2000/image02381.jpg	153 102 238 238 
./AFLW2000/image02384.jpg	148 107 231 231 
./AFLW2000/image02387.jpg	191 144 163 163 
./AFLW2000/image02389.jpg	184 175 125 125 
./AFLW2000/image02403.jpg	145 111 234 234 
./AFLW2000/image02406.jpg	183 146 158 158 
./AFLW2000/image02407.jpg	171 125 200 200 
./AFLW2000/image02408.jpg	167 122 204 204 
./AFLW2000/image02409.jpg	154 116 203 203 
./AFLW2000/image02415.jpg	145 119 224 224 
./AFLW2000/image02416.jpg	197 155 127 127 
./AFLW2000/image02420.jpg	197 151 138 138 
./AFLW2000/image02421.jpg	144 116 217 217 
./AFLW2000/image02422.jpg	184 141 157 157 
./AFLW2000/image02423.jpg	129 95 255 255 
./AFLW2000/image02424.jpg	155 116 217 217 
./AFLW2000/image02426.jpg	162 121 213 213 
./AFLW2000/image02428.jpg	155 119 210 210 
./AFLW2000/image02432.jpg	204 175 119 119 
./AFLW2000/image02434.jpg	158 112 220 220 
./AFLW2000/image02440.jpg	198 150 136 136 
./AFLW2000/image02448.jpg	210 175 126 126
./AFLW2000/image02449.jpg	201 173 144 144 
./AFLW2000/image02450.jpg	189 148 140 140 
./AFLW2000/image02453.jpg	165 127 202 202 
./AFLW2000/image02455.jpg	175 135 184 184 
./AFLW2000/image02456.jpg	171 133 187 187 
./AFLW2000/image02458.jpg	189 168 132 132 
./AFLW2000/image02464.jpg	141 103 243 243 
./AFLW2000/image02470.jpg	191 137 151 151 
./AFLW2000/image02474.jpg	178 127 180 180 
./AFLW2000/image02475.jpg	198 150 137 137 
./AFLW2000/image02479.jpg	125 97 267 267 
./AFLW2000/image02482.jpg	146 107 235 235 
./AFLW2000/image02485.jpg	171 124 178 178 
./AFLW2000/image02488.jpg	144 108 235 235 
./AFLW2000/image02490.jpg	186 151 150 150
./AFLW2000/image02494.jpg	148 108 235 235 
./AFLW2000/image02513.jpg	203 175 134 134 
./AFLW2000/image02514.jpg	186 159 151 151 
./AFLW2000/image02517.jpg	167 120 201 201 
./AFLW2000/image02518.jpg	133 100 253 253 
./AFLW2000/image02520.jpg	187 161 143 143 
./AFLW2000/image02522.jpg	215 172 109 109 
./AFLW2000/image02529.jpg	195 169 125 125 
./AFLW2000/image02530.jpg	165 128 203 203 
./AFLW2000/image02531.jpg	169 137 183 183 
./AFLW2000/image02532.jpg	176 149 188 188 
./AFLW2000/image02533.jpg	163 119 188 188 
./AFLW2000/image02536.jpg	173 124 188 188 
./AFLW2000/image02539.jpg	169 128 174 174 
./AFLW2000/image02540.jpg	199 128 151 151 
./AFLW2000/image02544.jpg	150 117 237 237 
./AFLW2000/image02545.jpg	172 114 204 204 
./AFLW2000/image02547.jpg	129 110 264 264 
./AFLW2000/image02548.jpg	146 105 242 242 
./AFLW2000/image02550.jpg	164 120 203 203 
./AFLW2000/image02553.jpg	215 156 114 114 
./AFLW2000/image02556.jpg	163 130 197 197 
./AFLW2000/image02559.jpg	136 114 242 242 
./AFLW2000/image02562.jpg	147 112 247 247 
./AFLW2000/image02565.jpg	160 119 206 206 
./AFLW2000/image02567.jpg	179 116 190 190 
./AFLW2000/image02579.jpg	185 141 159 159 
./AFLW2000/image02581.jpg	150 112 232 232 
./AFLW2000/image02592.jpg	177 141 173 173 
./AFLW2000/image02595.jpg	173 142 182 182 
./AFLW2000/image02597.jpg	177 133 174 174 
./AFLW2000/image02598.jpg	204 186 117 117 
./AFLW2000/image02602.jpg	207 174 130 130 
./AFLW2000/image02604.jpg	166 152 177 177 
./AFLW2000/image02605.jpg	155 118 203 203 
./AFLW2000/image02606.jpg	203 152 123 123 
./AFLW2000/image02608.jpg	199 148 139 139 
./AFLW2000/image02612.jpg	199 184 118 118 
./AFLW2000/image02614.jpg	163 128 197 197 
./AFLW2000/image02615.jpg	195 159 142 142 
./AFLW2000/image02616.jpg	178 133 172 172 
./AFLW2000/image02617.jpg	182 151 174 174 
./AFLW2000/image02618.jpg	188 154 154 154 
./AFLW2000/image02621.jpg	177 147 167 167 
./AFLW2000/image02622.jpg	150 115 232 232 
./AFLW2000/image02625.jpg	148 96 232 232 
./AFLW2000/image02629.jpg	184 147 165 165 
./AFLW2000/image02630.jpg	163 128 207 207 
./AFLW2000/image02631.jpg	159 159 202 202 
./AFLW2000/image02632.jpg	153 152 174 174 
./AFLW2000/image02633.jpg	169 125 191 191 
./AFLW2000/image02635.jpg	175 141 175 175 
./AFLW2000/image02636.jpg	155 113 226 226 
./AFLW2000/image02637.jpg	158 117 229 229 
./AFLW2000/image02639.jpg	172 128 183 183 
./AFLW2000/image02643.jpg	145 113 221 221 
./AFLW2000/image02645.jpg	205 173 128 128 
./AFLW2000/image02646.jpg	198 167 134 134 
./AFLW2000/image02647.jpg	185 129 176 176 
./AFLW2000/image02648.jpg	192 169 151 151 
./AFLW2000/image02650.jpg	198 147 130 130 
./AFLW2000/image02653.jpg	149 109 231 231 
./AFLW2000/image02659.jpg	162 142 190 190 
./AFLW2000/image02660.jpg	216 160 120 120 
./AFLW2000/image02663.jpg	154 115 223 223 
./AFLW2000/image02664.jpg	134 103 249 249 
./AFLW2000/image02666.jpg	206 151 127 127 
./AFLW2000/image02673.jpg	174 139 171 171 
./AFLW2000/image02674.jpg	189 151 149 149 
./AFLW2000/image02679.jpg	196 138 159 159 
./AFLW2000/image02683.jpg	199 153 130 130 
./AFLW2000/image02686.jpg	164 125 194 194 
./AFLW2000/image02688.jpg	159 109 216 216 
./AFLW2000/image02689.jpg	173 141 191 191 
./AFLW2000/image02690.jpg	172 113 188 188 
./AFLW2000/image02691.jpg	117 69 296 296 
./AFLW2000/image02695.jpg	183 138 186 186 
./AFLW2000/image02696.jpg	174 130 191 191 
./AFLW2000/image02698.jpg	187 121 178 178 
./AFLW2000/image02704.jpg	156 107 225 225 
./AFLW2000/image02705.jpg	182 145 154 154 
./AFLW2000/image02709.jpg	206 150 124 124 
./AFLW2000/image02711.jpg	155 118 213 213 
./AFLW2000/image02712.jpg	198 153 128 128 
./AFLW2000/image02713.jpg	183 150 155 155 
./AFLW2000/image02720.jpg	159 127 213 213 
./AFLW2000/image02721.jpg	179 149 174 174 
./AFLW2000/image02724.jpg	194 169 131 131 
./AFLW2000/image02726.jpg	184 156 156 156 
./AFLW2000/image02727.jpg	203 145 132 132 
./AFLW2000/image02728.jpg	161 121 190 190 
./AFLW2000/image02732.jpg	144 109 245 245 
./AFLW2000/image02735.jpg	177 136 162 162 
./AFLW2000/image02738.jpg	185 154 149 149 
./AFLW2000/image02739.jpg	153 119 215 215 
./AFLW2000/image02740.jpg	152 119 233 233 
./AFLW2000/image02744.jpg	152 110 227 227 
./AFLW2000/image02745.jpg	205 176 132 132 
./AFLW2000/image02746.jpg	212 155 111 111 
./AFLW2000/image02747.jpg	156 121 213 213 
./AFLW2000/image02748.jpg	192 155 145 145 
./AFLW2000/image02749.jpg	147 100 244 244 
./AFLW2000/image02750.jpg	194 151 141 141 
./AFLW2000/image02752.jpg	151 116 223 223 
./AFLW2000/image02753.jpg	184 125 179 179 
./AFLW2000/image02758.jpg	191 138 162 162 
./AFLW2000/image02759.jpg	160 128 204 204 
./AFLW2000/image02760.jpg	195 158 126 126 
./AFLW2000/image02763.jpg	141 116 238 238 
./AFLW2000/image02764.jpg	146 113 232 232 
./AFLW2000/image02765.jpg	156 163 234 234 
./AFLW2000/image02768.jpg	209 161 122 122 
./AFLW2000/image02769.jpg	150 75 284 284 
./AFLW2000/image02771.jpg	197 142 138 138 
./AFLW2000/image02775.jpg	183 141 164 164 
./AFLW2000/image02781.jpg	142 106 244 244 
./AFLW2000/image02782.jpg	185 149 151 151 
./AFLW2000/image02788.jpg	162 109 224 224 
./AFLW2000/image02789.jpg	163 121 205 205 
./AFLW2000/image02790.jpg	165 132 204 204 
./AFLW2000/image02792.jpg	149 106 237 237 
./AFLW2000/image02795.jpg	160 113 204 204
./AFLW2000/image02796.jpg	137 93 268 268 
./AFLW2000/image02797.jpg	166 129 195 195 
./AFLW2000/image02798.jpg	173 131 192 192 
./AFLW2000/image02801.jpg	122 81 282 282 
./AFLW2000/image02803.jpg	205 178 117 117 
./AFLW2000/image02804.jpg	200 170 136 136 
./AFLW2000/image02810.jpg	197 170 137 137 
./AFLW2000/image02811.jpg	191 160 143 143 
./AFLW2000/image02812.jpg	196 167 140 140 
./AFLW2000/image02817.jpg	166 134 189 189 
./AFLW2000/image02818.jpg	166 123 209 209 
./AFLW2000/image02819.jpg	160 125 202 202 
./AFLW2000/image02820.jpg	144 114 224 224 
./AFLW2000/image02824.jpg	145 110 237 237 
./AFLW2000/image02825.jpg	198 176 129 129 
./AFLW2000/image02826.jpg	126 84 289 289 
./AFLW2000/image02829.jpg	214 179 110 110 
./AFLW2000/image02831.jpg	160 136 208 208 
./AFLW2000/image02832.jpg	154 128 220 220 
./AFLW2000/image02834.jpg	146 104 240 240 
./AFLW2000/image02836.jpg	144 108 233 233 
./AFLW2000/image02839.jpg	147 108 228 228 
./AFLW2000/image02840.jpg	166 131 189 189 
./AFLW2000/image02841.jpg	167 124 192 192 
./AFLW2000/image02843.jpg	155 111 214 214 
./AFLW2000/image02845.jpg	176 138 179 179 
./AFLW2000/image02846.jpg	166 129 189 189 
./AFLW2000/image02847.jpg	188 143 152 152 
./AFLW2000/image02849.jpg	172 132 186 186 
./AFLW2000/image02850.jpg	144 110 236 236 
./AFLW2000/image02851.jpg	160 132 212 212 
./AFLW2000/image02854.jpg	173 141 182 182 
./AFLW2000/image02856.jpg	166 125 202 202 
./AFLW2000/image02857.jpg	197 176 125 125 
./AFLW2000/image02864.jpg	146 109 245 245 
./AFLW2000/image02866.jpg	188 165 140 140 
./AFLW2000/image02867.jpg	187 152 158 158 
./AFLW2000/image02869.jpg	164 132 190 190 
./AFLW2000/image02870.jpg	112 69 308 308 
./AFLW2000/image02871.jpg	164 125 205 205 
./AFLW2000/image02881.jpg	146 115 227 227 
./AFLW2000/image02884.jpg	167 140 180 180 
./AFLW2000/image02886.jpg	149 112 229 229 
./AFLW2000/image02889.jpg	172 158 180 180 
./AFLW2000/image02891.jpg	194 173 132 132 
./AFLW2000/image02899.jpg	173 125 195 195 
./AFLW2000/image02902.jpg	175 152 172 172 
./AFLW2000/image02907.jpg	150 106 221 221 
./AFLW2000/image02918.jpg	187 137 160 160 
./AFLW2000/image02924.jpg	150 115 230 230 
./AFLW2000/image02929.jpg	153 121 224 224 
./AFLW2000/image02931.jpg	162 120 204 204 
./AFLW2000/image02936.jpg	163 136 188 188 
./AFLW2000/image02938.jpg	177 118 184 184 
./AFLW2000/image02941.jpg	192 168 137 137 
./AFLW2000/image02947.jpg	170 124 188 188 
./AFLW2000/image02950.jpg	168 129 192 192 
./AFLW2000/image02951.jpg	150 115 228 228 
./AFLW2000/image02952.jpg	152 115 226 226 
./AFLW2000/image02953.jpg	150 102 241 241 
./AFLW2000/image02954.jpg	156 117 210 210 
./AFLW2000/image02957.jpg	199 149 131 131 
./AFLW2000/image02959.jpg	199 188 121 121 
./AFLW2000/image02960.jpg	206 152 130 130 
./AFLW2000/image02969.jpg	140 96 259 259 
./AFLW2000/image02971.jpg	151 115 221 221 
./AFLW2000/image02972.jpg	174 129 181 181 
./AFLW2000/image02977.jpg	163 128 211 211 
./AFLW2000/image02980.jpg	203 168 135 135 
./AFLW2000/image02982.jpg	155 124 218 218 
./AFLW2000/image02985.jpg	151 112 231 231 
./AFLW2000/image02988.jpg	167 126 185 185 
./AFLW2000/image02989.jpg	149 108 233 233 
./AFLW2000/image02990.jpg	177 141 174 174 
./AFLW2000/image02992.jpg	168 131 186 186 
./AFLW2000/image02995.jpg	154 126 211 211 
./AFLW2000/image02996.jpg	156 110 215 215 
./AFLW2000/image02998.jpg	149 113 225 225 
./AFLW2000/image03002.jpg	170 132 187 187 
./AFLW2000/image03004.jpg	162 121 215 215 
./AFLW2000/image03006.jpg	190 156 147 147 
./AFLW2000/image03008.jpg	167 136 200 200 
./AFLW2000/image03009.jpg	158 119 213 213 
./AFLW2000/image03010.jpg	161 132 209 209 
./AFLW2000/image03011.jpg	149 114 232 232 
./AFLW2000/image03012.jpg	152 116 221 221 
./AFLW2000/image03013.jpg	118 91 284 284 
./AFLW2000/image03014.jpg	145 108 234 234 
./AFLW2000/image03015.jpg	150 120 218 218 
./AFLW2000/image03016.jpg	161 109 222 222 
./AFLW2000/image03018.jpg	157 117 209 209 
./AFLW2000/image03019.jpg	184 142 158 158 
./AFLW2000/image03021.jpg	151 117 223 223 
./AFLW2000/image03022.jpg	207 188 113 113 
./AFLW2000/image03024.jpg	166 138 190 190 
./AFLW2000/image03026.jpg	174 131 190 190 
./AFLW2000/image03028.jpg	158 121 183 183 
./AFLW2000/image03037.jpg	187 141 164 164 
./AFLW2000/image03040.jpg	202 165 126 126 
./AFLW2000/image03043.jpg	163 125 207 207 
./AFLW2000/image03044.jpg	153 110 228 228 
./AFLW2000/image03045.jpg	143 107 237 237 
./AFLW2000/image03047.jpg	159 125 214 214 
./AFLW2000/image03048.jpg	169 131 190 190 
./AFLW2000/image03050.jpg	155 116 209 209 
./AFLW2000/image03053.jpg	194 154 148 148 
./AFLW2000/image03054.jpg	150 122 218 218 
./AFLW2000/image03055.jpg	181 138 163 163 
./AFLW2000/image03057.jpg	200 163 127 127 
./AFLW2000/image03059.jpg	151 112 231 231 
./AFLW2000/image03061.jpg	174 128 186 186 
./AFLW2000/image03071.jpg	162 119 208 208 
./AFLW2000/image03077.jpg	175 136 176 176 
./AFLW2000/image03079.jpg	156 118 218 218 
./AFLW2000/image03081.jpg	145 108 234 234 
./AFLW2000/image03082.jpg	153 120 213 213
./AFLW2000/image03086.jpg	195 163 151 151 
./AFLW2000/image03093.jpg	206 145 130 130 
./AFLW2000/image03101.jpg	196 176 134 134 
./AFLW2000/image03102.jpg	150 118 215 215 
./AFLW2000/image03103.jpg	164 115 214 214 
./AFLW2000/image03109.jpg	190 141 150 150 
./AFLW2000/image03111.jpg	159 118 211 211 
./AFLW2000/image03116.jpg	167 134 206 206 
./AFLW2000/image03117.jpg	159 110 238 238 
./AFLW2000/image03124.jpg	158 126 201 201
./AFLW2000/image03128.jpg	180 132 176 176 
./AFLW2000/image03129.jpg	167 126 195 195 
./AFLW2000/image03143.jpg	205 176 125 125 
./AFLW2000/image03148.jpg	164 148 184 184 
./AFLW2000/image03149.jpg	190 166 134 134 
./AFLW2000/image03150.jpg	190 143 151 151 
./AFLW2000/image03153.jpg	217 155 117 117 
./AFLW2000/image03161.jpg	203 182 129 129 
./AFLW2000/image03163.jpg	176 120 179 179 
./AFLW2000/image03172.jpg	197 171 135 135 
./AFLW2000/image03178.jpg	182 136 171 171 
./AFLW2000/image03179.jpg	191 161 145 145 
./AFLW2000/image03186.jpg	136 118 246 246 
./AFLW2000/image03188.jpg	127 69 279 279 
./AFLW2000/image03189.jpg	212 178 109 109 
./AFLW2000/image03190.jpg	146 113 230 230 
./AFLW2000/image03194.jpg	208 173 127 127 
./AFLW2000/image03195.jpg	171 110 205 205 
./AFLW2000/image03196.jpg	188 157 149 149 
./AFLW2000/image03199.jpg	197 147 142 142 
./AFLW2000/image03208.jpg	201 148 136 136 
./AFLW2000/image03209.jpg	178 129 171 171 
./AFLW2000/image03210.jpg	208 159 122 122 
./AFLW2000/image03212.jpg	144 102 242 242 
./AFLW2000/image03214.jpg	191 177 142 142 
./AFLW2000/image03216.jpg	177 147 178 178 
./AFLW2000/image03217.jpg	151 108 226 226 
./AFLW2000/image03222.jpg	161 124 214 214 
./AFLW2000/image03227.jpg	138 93 254 254 
./AFLW2000/image03233.jpg	171 141 177 177 
./AFLW2000/image03235.jpg	162 133 206 206 
./AFLW2000/image03236.jpg	153 121 220 220 
./AFLW2000/image03237.jpg	209 169 124 124 
./AFLW2000/image03238.jpg	134 92 261 261 
./AFLW2000/image03244.jpg	193 143 143 143 
./AFLW2000/image03247.jpg	161 122 209 209 
./AFLW2000/image03249.jpg	203 173 127 127 
./AFLW2000/image03250.jpg	163 117 225 225 
./AFLW2000/image03252.jpg	189 169 147 147 
./AFLW2000/image03255.jpg	156 132 186 186 
./AFLW2000/image03258.jpg	226 162 118 118 
./AFLW2000/image03263.jpg	168 107 204 204 
./AFLW2000/image03264.jpg	170 125 201 201 
./AFLW2000/image03265.jpg	167 121 218 218 
./AFLW2000/image03266.jpg	155 119 223 223 
./AFLW2000/image03270.jpg	187 143 165 165 
./AFLW2000/image03271.jpg	148 110 236 236 
./AFLW2000/image03278.jpg	162 145 197 197 
./AFLW2000/image03281.jpg	159 122 225 225 
./AFLW2000/image03282.jpg	177 169 148 148 
./AFLW2000/image03284.jpg	218 160 111 111 
./AFLW2000/image03302.jpg	190 152 144 144 
./AFLW2000/image03315.jpg	188 168 145 145 
./AFLW2000/image03322.jpg	186 156 150 150 
./AFLW2000/image03324.jpg	186 153 145 145 
./AFLW2000/image03345.jpg	164 142 187 187 
./AFLW2000/image03346.jpg	176 138 181 181 
./AFLW2000/image03349.jpg	143 122 225 225 
./AFLW2000/image03350.jpg	176 145 172 172 
./AFLW2000/image03354.jpg	199 160 142 142 
./AFLW2000/image03356.jpg	199 142 149 149 
./AFLW2000/image03360.jpg	185 148 157 157 
./AFLW2000/image03361.jpg	158 119 203 203 
./AFLW2000/image03362.jpg	186 147 164 164 
./AFLW2000/image03364.jpg	175 137 169 169 
./AFLW2000/image03372.jpg	172 133 187 187
./AFLW2000/image03373.jpg	189 167 159 159 
./AFLW2000/image03375.jpg	162 126 209 209 
./AFLW2000/image03376.jpg	164 129 199 199 
./AFLW2000/image03386.jpg	198 170 127 127 
./AFLW2000/image03389.jpg	190 148 151 151 
./AFLW2000/image03390.jpg	174 132 184 184 
./AFLW2000/image03391.jpg	173 133 190 190 
./AFLW2000/image03392.jpg	167 120 212 212 
./AFLW2000/image03400.jpg	160 125 208 208
./AFLW2000/image03402.jpg	167 132 198 198 
./AFLW2000/image03404.jpg	172 142 173 173 
./AFLW2000/image03407.jpg	184 145 162 162 
./AFLW2000/image03414.jpg	170 130 199 199 
./AFLW2000/image03421.jpg	199 157 164 164
./AFLW2000/image03427.jpg	160 123 211 211 
./AFLW2000/image03431.jpg	
./AFLW2000/image03434.jpg	205 158 129 129 
./AFLW2000/image03440.jpg	169 124 204 204 
./AFLW2000/image03442.jpg	169 132 195 195 
./AFLW2000/image03443.jpg	163 132 194 194 
./AFLW2000/image03444.jpg	161 124 202 202 
./AFLW2000/image03451.jpg	161 120 209 209 
./AFLW2000/image03452.jpg	189 161 139 139 
./AFLW2000/image03453.jpg	194 163 132 132 
./AFLW2000/image03454.jpg	206 167 117 117 
./AFLW2000/image03455.jpg	190 158 155 155 
./AFLW2000/image03456.jpg	197 178 127 127 
./AFLW2000/image03457.jpg	174 136 186 186 
./AFLW2000/image03459.jpg	169 136 184 184 
./AFLW2000/image03461.jpg	189 162 143 143 
./AFLW2000/image03462.jpg	189 166 139 139 
./AFLW2000/image03465.jpg	180 151 160 160 
./AFLW2000/image03472.jpg	172 149 181 181 
./AFLW2000/image03475.jpg	189 163 143 143 
./AFLW2000/image03479.jpg	181 149 158 158 
./AFLW2000/image03480.jpg	167 130 205 205 
./AFLW2000/image03482.jpg	185 162 133 133 
./AFLW2000/image03488.jpg	194 172 118 118 
./AFLW2000/image03498.jpg	186 152 152 152 
./AFLW2000/image03499.jpg	168 140 201 201 
./AFLW2000/image03505.jpg	185 149 162 162 
./AFLW2000/image03506.jpg	172 127 205 205 
./AFLW2000/image03515.jpg	166 140 208 208 
./AFLW2000/image03516.jpg	138 134 210 210 
./AFLW2000/image03520.jpg	182 155 164 164 
./AFLW2000/image03524.jpg	207 153 115 115 
./AFLW2000/image03532.jpg	165 135 195 195 
./AFLW2000/image03537.jpg	169 142 187 187 
./AFLW2000/image03538.jpg	172 133 183 183 
./AFLW2000/image03539.jpg	162 108 218 218 
./AFLW2000/image03541.jpg	150 111 228 228 
./AFLW2000/image03542.jpg	177 137 188 188 
./AFLW2000/image03543.jpg	180 136 177 177 
./AFLW2000/image03545.jpg	158 115 215 215 
./AFLW2000/image03548.jpg	157 115 216 216 
./AFLW2000/image03549.jpg	162 121 206 206 
./AFLW2000/image03550.jpg	169 132 198 198 
./AFLW2000/image03551.jpg	159 122 214 214 
./AFLW2000/image03552.jpg	149 115 226 226 
./AFLW2000/image03555.jpg	169 113 200 200 
./AFLW2000/image03557.jpg	182 131 186 186 
./AFLW2000/image03558.jpg	166 125 195 195
./AFLW2000/image03559.jpg	168 117 207 207 
./AFLW2000/image03560.jpg	160 118 222 222 
./AFLW2000/image03561.jpg	197 164 142 142 
./AFLW2000/image03562.jpg	175 143 170 170
./AFLW2000/image03563.jpg	183 136 187 187 
./AFLW2000/image03566.jpg	177 129 188 188 
./AFLW2000/image03567.jpg	193 159 142 142 
./AFLW2000/image03568.jpg	145 109 233 233 
./AFLW2000/image03570.jpg	158 118 216 216 
./AFLW2000/image03571.jpg	149 103 242 242 
./AFLW2000/image03572.jpg	159 121 212 212 
./AFLW2000/image03573.jpg	154 119 225 225 
./AFLW2000/image03574.jpg	162 128 203 203 
./AFLW2000/image03575.jpg	162 127 212 212 
./AFLW2000/image03578.jpg	147 110 242 242 
./AFLW2000/image03580.jpg	155 114 217 217 
./AFLW2000/image03582.jpg	180 123 181 181 
./AFLW2000/image03585.jpg	188 153 149 149 
./AFLW2000/image03586.jpg	148 118 228 228 
./AFLW2000/image03588.jpg	151 108 231 231 
./AFLW2000/image03589.jpg	156 104 219 219 
./AFLW2000/image03590.jpg	191 148 150 150
./AFLW2000/image03592.jpg	166 119 232 232 
./AFLW2000/image03597.jpg	182 173 134 134 
./AFLW2000/image03599.jpg	197 150 139 139 
./AFLW2000/image03609.jpg	166 126 197 197 
./AFLW2000/image03614.jpg	171 129 191 191 
./AFLW2000/image03615.jpg	205 154 132 132
./AFLW2000/image03617.jpg	157 111 210 210 
./AFLW2000/image03624.jpg	164 126 202 202 
./AFLW2000/image03625.jpg	148 111 224 224 
./AFLW2000/image03626.jpg	154 115 215 215 
./AFLW2000/image03629.jpg	181 152 162 162 
./AFLW2000/image03631.jpg	170 134 193 193 
./AFLW2000/image03633.jpg	166 104 232 232 
./AFLW2000/image03636.jpg	156 115 209 209 
./AFLW2000/image03637.jpg	150 115 229 229 
./AFLW2000/image03638.jpg	157 120 210 210 
./AFLW2000/image03639.jpg	171 117 208 208 
./AFLW2000/image03640.jpg	200 170 131 131 
./AFLW2000/image03641.jpg	169 132 198 198 
./AFLW2000/image03644.jpg	171 126 203 203 
./AFLW2000/image03647.jpg	172 144 178 178 
./AFLW2000/image03651.jpg	148 111 237 237 
./AFLW2000/image03652.jpg	144 137 217 217 
./AFLW2000/image03653.jpg	156 118 222 222 
./AFLW2000/image03654.jpg	171 121 210 210 
./AFLW2000/image03655.jpg	160 129 208 208 
./AFLW2000/image03657.jpg	173 130 179 179 
./AFLW2000/image03661.jpg	158 125 222 222 
./AFLW2000/image03662.jpg	152 121 222 222 
./AFLW2000/image03663.jpg	153 114 230 230 
./AFLW2000/image03664.jpg	207 176 130 130 
./AFLW2000/image03665.jpg	159 109 228 228 
./AFLW2000/image03666.jpg	186 139 166 166 
./AFLW2000/image03668.jpg	197 162 143 143 
./AFLW2000/image03669.jpg	162 115 213 213 
./AFLW2000/image03670.jpg	172 127 191 191 
./AFLW2000/image03671.jpg	187 154 163 163 
./AFLW2000/image03672.jpg	184 143 162 162 
./AFLW2000/image03673.jpg	163 123 204 204 
./AFLW2000/image03674.jpg	182 152 158 158 
./AFLW2000/image03675.jpg	151 117 225 225 
./AFLW2000/image03676.jpg	192 174 121 121 
./AFLW2000/image03677.jpg	177 138 188 188 
./AFLW2000/image03686.jpg	194 162 144 144 
./AFLW2000/image03691.jpg
./AFLW2000/image03692.jpg	177 143 175 175 
./AFLW2000/image03693.jpg	181 142 179 179 
./AFLW2000/image03700.jpg	140 108 248 248 
./AFLW2000/image03703.jpg	131 103 257 257 
./AFLW2000/image03704.jpg	135 100 250 250 
./AFLW2000/image03705.jpg	146 118 221 221 
./AFLW2000/image03707.jpg	153 125 227 227 
./AFLW2000/image03708.jpg	150 117 218 218 
./AFLW2000/image03709.jpg	157 117 231 231 
./AFLW2000/image03711.jpg	153 122 225 225 
./AFLW2000/image03712.jpg	169 134 193 193 
./AFLW2000/image03713.jpg	199 167 134 134 
./AFLW2000/image03714.jpg	154 123 223 223 
./AFLW2000/image03715.jpg	183 145 162 162 
./AFLW2000/image03716.jpg	160 102 224 224 
./AFLW2000/image03717.jpg	175 130 192 192 
./AFLW2000/image03718.jpg	156 121 215 215 
./AFLW2000/image03719.jpg	185 149 161 161 
./AFLW2000/image03720.jpg	164 128 197 197 
./AFLW2000/image03721.jpg	186 150 157 157 
./AFLW2000/image03722.jpg	141 105 244 244 
./AFLW2000/image03724.jpg	147 111 233 233 
./AFLW2000/image03726.jpg	155 112 218 218 
./AFLW2000/image03727.jpg	157 116 212 212 
./AFLW2000/image03728.jpg	199 166 135 135 
./AFLW2000/image03729.jpg	179 131 186 186 
./AFLW2000/image03730.jpg	149 115 230 230 
./AFLW2000/image03731.jpg	150 114 232 232 
./AFLW2000/image03732.jpg	179 141 171 171 
./AFLW2000/image03733.jpg	151 115 221 221 
./AFLW2000/image03736.jpg	159 117 210 210 
./AFLW2000/image03738.jpg	173 131 190 190 
./AFLW2000/image03739.jpg	161 126 205 205 
./AFLW2000/image03740.jpg	161 125 207 207 
./AFLW2000/image03742.jpg	166 133 199 199 
./AFLW2000/image03744.jpg	160 129 209 209 
./AFLW2000/image03745.jpg	164 125 205 205 
./AFLW2000/image03746.jpg	153 118 218 218 
./AFLW2000/image03747.jpg	170 127 191 191 
./AFLW2000/image03748.jpg	154 119 217 217 
./AFLW2000/image03749.jpg	177 143 168 168 
./AFLW2000/image03750.jpg	158 114 222 222 
./AFLW2000/image03751.jpg	152 118 218 218 
./AFLW2000/image03752.jpg	170 132 194 194 
./AFLW2000/image03753.jpg	162 121 214 214 
./AFLW2000/image03754.jpg	151 108 231 231 
./AFLW2000/image03755.jpg	164 119 216 216 
./AFLW2000/image03756.jpg	159 114 228 228 
./AFLW2000/image03757.jpg	180 123 188 188 
./AFLW2000/image03758.jpg	168 129 188 188 
./AFLW2000/image03761.jpg	170 135 187 187 
./AFLW2000/image03762.jpg	178 127 186 186 
./AFLW2000/image03764.jpg	148 117 223 223 
./AFLW2000/image03765.jpg	167 129 197 197 
./AFLW2000/image03766.jpg	144 110 239 239 
./AFLW2000/image03767.jpg	181 146 163 163 
./AFLW2000/image03768.jpg	162 130 208 208 
./AFLW2000/image03772.jpg	152 114 223 223 
./AFLW2000/image03773.jpg	157 109 217 217 
./AFLW2000/image03774.jpg	174 128 179 179 
./AFLW2000/image03775.jpg	163 120 209 209 
./AFLW2000/image03776.jpg	146 125 223 223 
./AFLW2000/image03777.jpg	177 148 166 166 
./AFLW2000/image03778.jpg	150 116 225 225 
./AFLW2000/image03779.jpg	173 135 184 184 
./AFLW2000/image03780.jpg	167 132 190 190 
./AFLW2000/image03781.jpg	148 122 217 217 
./AFLW2000/image03782.jpg	205 152 131 131 
./AFLW2000/image03783.jpg	158 126 213 213 
./AFLW2000/image03784.jpg	162 120 206 206 
./AFLW2000/image03785.jpg	154 115 217 217 
./AFLW2000/image03786.jpg	176 150 159 159 
./AFLW2000/image03787.jpg	174 131 186 186 
./AFLW2000/image03788.jpg	163 122 207 207 
./AFLW2000/image03790.jpg	153 123 216 216 
./AFLW2000/image03791.jpg	162 124 194 194 
./AFLW2000/image03792.jpg	160 126 198 198 
./AFLW2000/image03793.jpg	185 147 161 161 
./AFLW2000/image03794.jpg	144 111 237 237 
./AFLW2000/image03796.jpg	135 99 257 257 
./AFLW2000/image03797.jpg	173 139 180 180 
./AFLW2000/image03798.jpg	164 123 226 226 
./AFLW2000/image03799.jpg	150 117 224 224 
./AFLW2000/image03800.jpg	182 148 160 160 
./AFLW2000/image03802.jpg	151 126 229 229 
./AFLW2000/image03804.jpg	167 131 198 198 
./AFLW2000/image03805.jpg	166 131 196 196 
./AFLW2000/image03806.jpg	176 132 176 176 
./AFLW2000/image03807.jpg	162 122 206 206 
./AFLW2000/image03808.jpg	163 127 218 218 
./AFLW2000/image03809.jpg	183 132 169 169 
./AFLW2000/image03810.jpg	156 116 216 216 
./AFLW2000/image03811.jpg	172 133 188 188 
./AFLW2000/image03812.jpg	161 125 210 210 
./AFLW2000/image03813.jpg	174 130 191 191 
./AFLW2000/image03814.jpg	165 127 207 207 
./AFLW2000/image03816.jpg	158 120 226 226 
./AFLW2000/image03817.jpg	148 108 234 234 
./AFLW2000/image03818.jpg	157 121 212 212 
./AFLW2000/image03821.jpg	162 127 208 208 
./AFLW2000/image03822.jpg	145 105 233 233 
./AFLW2000/image03823.jpg	151 114 221 221 
./AFLW2000/image03824.jpg	161 119 212 212 
./AFLW2000/image03826.jpg	172 133 190 190 
./AFLW2000/image03827.jpg	157 118 216 216 
./AFLW2000/image03828.jpg	140 116 240 240 
./AFLW2000/image03829.jpg	167 121 202 202 
./AFLW2000/image03831.jpg	162 127 202 202 
./AFLW2000/image03832.jpg	165 128 209 209 
./AFLW2000/image03833.jpg	168 127 197 197 
./AFLW2000/image03834.jpg	207 171 128 128 
./AFLW2000/image03835.jpg	154 111 222 222 
./AFLW2000/image03836.jpg	144 84 268 268 
./AFLW2000/image03842.jpg	149 112 226 226 
./AFLW2000/image03851.jpg	208 151 120 120 
./AFLW2000/image03852.jpg	153 119 219 219 
./AFLW2000/image03853.jpg	189 156 149 149 
./AFLW2000/image03854.jpg	176 130 172 172 
./AFLW2000/image03856.jpg	198 144 143 143 
./AFLW2000/image03860.jpg	200 168 125 125 
./AFLW2000/image03862.jpg	203 129 155 155 
./AFLW2000/image03866.jpg	129 100 272 272 
./AFLW2000/image03869.jpg	166 151 165 165 
./AFLW2000/image03870.jpg	195 153 134 134 
./AFLW2000/image03871.jpg	195 153 142 142 
./AFLW2000/image03872.jpg	198 174 143 143 
./AFLW2000/image03873.jpg	189 158 151 151 
./AFLW2000/image03874.jpg	147 82 256 256 
./AFLW2000/image03876.jpg	163 122 217 217 
./AFLW2000/image03883.jpg	152 110 230 230 
./AFLW2000/image03885.jpg	196 179 129 129 
./AFLW2000/image03886.jpg	160 122 194 194 
./AFLW2000/image03888.jpg	180 131 171 171 
./AFLW2000/image03890.jpg	179 136 162 162 
./AFLW2000/image03891.jpg	152 119 222 222 
./AFLW2000/image03892.jpg	147 105 239 239 
./AFLW2000/image03893.jpg	172 132 187 187 
./AFLW2000/image03894.jpg	154 119 211 211 
./AFLW2000/image03896.jpg	163 127 204 204 
./AFLW2000/image03897.jpg	157 119 214 214 
./AFLW2000/image03902.jpg	189 160 158 158 
./AFLW2000/image03906.jpg	199 157 132 132 
./AFLW2000/image03907.jpg	144 118 225 225 
./AFLW2000/image03908.jpg	199 160 147 147 
./AFLW2000/image03917.jpg	162 128 200 200 
./AFLW2000/image03920.jpg	150 114 237 237 
./AFLW2000/image03926.jpg	157 126 202 202 
./AFLW2000/image03928.jpg	195 164 138 138 
./AFLW2000/image03930.jpg	161 144 175 175 
./AFLW2000/image03932.jpg	144 105 241 241 
./AFLW2000/image03933.jpg	171 117 202 202 
./AFLW2000/image03934.jpg	165 125 200 200 
./AFLW2000/image03936.jpg	182 132 179 179 
./AFLW2000/image03937.jpg	193 149 141 141 
./AFLW2000/image03939.jpg	187 141 150 150 
./AFLW2000/image03941.jpg	203 149 141 141 
./AFLW2000/image03943.jpg	200 177 118 118
./AFLW2000/image03946.jpg	155 121 212 212 
./AFLW2000/image03949.jpg	149 108 244 244 
./AFLW2000/image03951.jpg	152 110 237 237 
./AFLW2000/image03956.jpg	165 110 229 229 
./AFLW2000/image03957.jpg	196 174 132 132 
./AFLW2000/image03958.jpg	154 119 211 211 
./AFLW2000/image03959.jpg	163 124 201 201 
./AFLW2000/image03962.jpg	136 102 246 246 
./AFLW2000/image03963.jpg	173 140 174 174 
./AFLW2000/image03964.jpg	164 116 209 209 
./AFLW2000/image03965.jpg	170 132 184 184 
./AFLW2000/image03966.jpg	148 114 228 228 
./AFLW2000/image03967.jpg	142 109 246 246 
./AFLW2000/image03968.jpg	196 169 140 140 
./AFLW2000/image03971.jpg	166 141 197 197 
./AFLW2000/image03974.jpg	142 107 233 233 
./AFLW2000/image03976.jpg	192 139 136 136 
./AFLW2000/image03977.jpg	160 114 217 217 
./AFLW2000/image03980.jpg	155 118 214 214
./AFLW2000/image03984.jpg	156 121 209 209 
./AFLW2000/image03985.jpg	155 121 224 224 
./AFLW2000/image03992.jpg	146 108 236 236 
./AFLW2000/image03996.jpg	192 167 151 151
./AFLW2000/image03998.jpg	143 119 219 219 
./AFLW2000/image04000.jpg	187 162 152 152 
./AFLW2000/image04004.jpg	143 111 250 250 
./AFLW2000/image04007.jpg	154 116 219 219 
./AFLW2000/image04012.jpg	202 161 138 138 
./AFLW2000/image04016.jpg	150 118 214 214 
./AFLW2000/image04018.jpg	171 142 183 183 
./AFLW2000/image04019.jpg	180 150 138 138 
./AFLW2000/image04024.jpg	183 152 163 163 
./AFLW2000/image04027.jpg	164 129 205 205 
./AFLW2000/image04028.jpg	146 104 243 243 
./AFLW2000/image04031.jpg	171 125 175 175 
./AFLW2000/image04036.jpg	203 156 126 126 
./AFLW2000/image04040.jpg	172 133 185 185 
./AFLW2000/image04043.jpg	180 137 175 175 
./AFLW2000/image04059.jpg	183 151 154 154 
./AFLW2000/image04062.jpg	153 115 223 223 
./AFLW2000/image04075.jpg	146 108 234 234 
./AFLW2000/image04078.jpg	185 133 157 157 
./AFLW2000/image04084.jpg	177 136 189 189 
./AFLW2000/image04085.jpg	153 117 218 218 
./AFLW2000/image04087.jpg	149 113 232 232 
./AFLW2000/image04088.jpg	196 146 142 142 
./AFLW2000/image04091.jpg	147 118 218 218 
./AFLW2000/image04092.jpg	159 113 221 221 
./AFLW2000/image04096.jpg	168 149 199 199 
./AFLW2000/image04098.jpg	185 131 144 144 
./AFLW2000/image04102.jpg	153 91 254 254 
./AFLW2000/image04104.jpg	164 124 211 211 
./AFLW2000/image04105.jpg	185 177 124 124 
./AFLW2000/image04111.jpg	199 143 140 140 
./AFLW2000/image04112.jpg	201 175 126 126 
./AFLW2000/image04114.jpg	211 184 111 111 
./AFLW2000/image04120.jpg	159 120 213 213 
./AFLW2000/image04124.jpg	178 142 178 178 
./AFLW2000/image04126.jpg	188 153 151 151 
./AFLW2000/image04128.jpg	171 142 196 196 
./AFLW2000/image04129.jpg	177 157 177 177 
./AFLW2000/image04130.jpg	148 113 231 231 
./AFLW2000/image04144.jpg	177 148 157 157 
./AFLW2000/image04145.jpg	155 111 223 223 
./AFLW2000/image04147.jpg	152 128 221 221 
./AFLW2000/image04151.jpg	173 129 184 184 
./AFLW2000/image04153.jpg	171 145 180 180 
./AFLW2000/image04161.jpg	207 142 120 120 
./AFLW2000/image04163.jpg	142 97 248 248 
./AFLW2000/image04168.jpg	181 150 155 155 
./AFLW2000/image04171.jpg	203 177 122 122 
./AFLW2000/image04172.jpg	204 177 119 119 
./AFLW2000/image04179.jpg	157 110 220 220 
./AFLW2000/image04180.jpg	171 122 200 200 
./AFLW2000/image04182.jpg	166 117 206 206 
./AFLW2000/image04184.jpg	150 109 237 237 
./AFLW2000/image04185.jpg	202 144 132 132 
./AFLW2000/image04186.jpg	158 117 215 215 
./AFLW2000/image04188.jpg	185 162 134 134 
./AFLW2000/image04190.jpg	143 108 237 237 
./AFLW2000/image04191.jpg	193 149 136 136 
./AFLW2000/image04196.jpg	148 113 225 225 
./AFLW2000/image04201.jpg	149 107 215 215 
./AFLW2000/image04206.jpg	141 98 257 257 
./AFLW2000/image04207.jpg	183 118 196 196 
./AFLW2000/image04210.jpg	164 117 210 210 
./AFLW2000/image04213.jpg	173 141 173 173 
./AFLW2000/image04215.jpg	192 137 137 137 
./AFLW2000/image04216.jpg	210 190 112 112 
./AFLW2000/image04217.jpg	164 129 194 194 
./AFLW2000/image04221.jpg	205 190 123 123 
./AFLW2000/image04224.jpg	157 111 226 226 
./AFLW2000/image04225.jpg	153 128 203 203 
./AFLW2000/image04226.jpg	154 122 230 230 
./AFLW2000/image04229.jpg	156 106 181 181 
./AFLW2000/image04230.jpg	152 110 238 238 
./AFLW2000/image04232.jpg	164 125 204 204
./AFLW2000/image04234.jpg	179 124 158 158 
./AFLW2000/image04236.jpg	185 142 148 148 
./AFLW2000/image04238.jpg	164 124 206 206 
./AFLW2000/image04240.jpg	180 128 181 181 
./AFLW2000/image04241.jpg	173 143 175 175 
./AFLW2000/image04242.jpg	153 116 214 214 
./AFLW2000/image04243.jpg	205 147 148 148 
./AFLW2000/image04244.jpg	175 135 183 183 
./AFLW2000/image04248.jpg	131 104 253 253 
./AFLW2000/image04250.jpg	170 130 188 188 
./AFLW2000/image04251.jpg	141 118 231 231 
./AFLW2000/image04252.jpg	165 124 199 199 
./AFLW2000/image04257.jpg	187 159 153 153 
./AFLW2000/image04259.jpg	161 120 213 213 
./AFLW2000/image04262.jpg	151 116 212 212 
./AFLW2000/image04267.jpg	142 106 227 227 
./AFLW2000/image04269.jpg	199 177 130 130 
./AFLW2000/image04271.jpg	205 146 131 131 
./AFLW2000/image04272.jpg	161 113 214 214 
./AFLW2000/image04273.jpg	143 110 238 238 
./AFLW2000/image04274.jpg	158 126 214 214 
./AFLW2000/image04275.jpg	189 166 144 144 
./AFLW2000/image04276.jpg	165 125 200 200 
./AFLW2000/image04277.jpg	161 128 194 194 
./AFLW2000/image04278.jpg	142 96 247 247 
./AFLW2000/image04279.jpg	138 102 241 241 
./AFLW2000/image04283.jpg	147 115 223 223 
./AFLW2000/image04285.jpg	162 125 202 202 
./AFLW2000/image04286.jpg	185 154 132 132 
./AFLW2000/image04289.jpg	149 120 214 214 
./AFLW2000/image04292.jpg	160 132 199 199 
./AFLW2000/image04294.jpg	187 156 150 150 
./AFLW2000/image04295.jpg	193 152 138 138 
./AFLW2000/image04296.jpg	185 145 182 182 
./AFLW2000/image04297.jpg	214 154 130 130 
./AFLW2000/image04298.jpg	152 118 223 223 
./AFLW2000/image04299.jpg	173 113 193 193 
./AFLW2000/image04301.jpg	155 106 230 230 
./AFLW2000/image04304.jpg	147 107 233 233 
./AFLW2000/image04307.jpg	202 178 127 127 
./AFLW2000/image04308.jpg	177 145 150 150 
./AFLW2000/image04310.jpg	195 169 135 135 
./AFLW2000/image04311.jpg	154 120 211 211 
./AFLW2000/image04312.jpg	172 112 209 209 
./AFLW2000/image04313.jpg	170 133 192 192 
./AFLW2000/image04314.jpg	141 109 236 236 
./AFLW2000/image04316.jpg	192 154 152 152 
./AFLW2000/image04324.jpg	203 178 123 123 
./AFLW2000/image04325.jpg	165 125 206 206 
./AFLW2000/image04328.jpg	164 148 160 160 
./AFLW2000/image04329.jpg	195 146 144 144 
./AFLW2000/image04331.jpg	193 150 140 140 
./AFLW2000/image04332.jpg	154 111 215 215 
./AFLW2000/image04333.jpg	180 137 165 165 
./AFLW2000/image04334.jpg	191 134 144 144 
./AFLW2000/image04337.jpg	220 190 112 112 
./AFLW2000/image04342.jpg	147 108 236 236 
./AFLW2000/image04344.jpg	156 113 217 217 
./AFLW2000/image04345.jpg	159 116 214 214 
./AFLW2000/image04348.jpg	165 130 213 213 
./AFLW2000/image04355.jpg
./AFLW2000/image04356.jpg	178 132 170 170 
./AFLW2000/image04358.jpg	153 109 224 224 
./AFLW2000/image04363.jpg	196 162 157 157 
./AFLW2000/image04365.jpg	160 148 194 194 
./AFLW2000/image04375.jpg	160 124 207 207 
